155
156
155
153
150
149
149
148
145
144
147
146
141
143
145
140
143
140
142
140
140
138
137
140
138
138
140
140
141
138
137
139
139
139
139
138
141
141
140
141
142
141
140
143
143
143
142
141
142
144
144
145
145
142
140
142
146
148
145
145
147
150
155
161
164
163
161
154
142
135
129
124
111
102
97
99
103
108
110
109
110
108
109
115
122
124
120
118
121
123
124
126
127
128
127
131
133
135
135
138
137
142
142
142
141
141
143
141
142
140
143
143
140
142
138
139
144
145
144
142
144
143
143
142
141
143
144
144
145
143
144
147
145
145
145
147
148
148
150
151
152
151
150
151
148
149
149
148
147
145
145
144
143
145
142
143
143
144
142
141
139
140
140
137
137
138
136
137
135
135
135
133
134
132
134
132
133
130
128
131
131
129
130
128
127
129
128
128
129
129
132
129
128
128
130
131
131
131
132
132
128
131
131
132
131
129
131
133
132
132
134
133
131
132
130
131
132
130
131
129
125
124
128
130
128
128
129
127
127
125
124
125
124
122
124
124
125
124
124
123
122
123
123
122
123
122
121
121
121
123
125
122
123
122
120
118
121
121
120
123
123
122
120
123
121
121
120
120
122
127
132
136
139
140
134
129
122
111
106
96
83
74
72
77
80
83
85
87
89
85
89
96
97
98
95
92
95
96
97
96
97
96
98
100
103
100
101
104
106
106
107
106
107
105
106
106
107
107
109
109
109
106
107
109
108
107
106
107
107
104
102
102
104
107
104
104
106
107
108
105
109
110
110
110
109
112
112
112
112
114
115
113
110
111
107
110
111
107
104
106
108
106
102
102
100
100
101
97
100
100
100
100
99
97
97
98
96
96
96
95
96
96
92
90
92
94
92
93
93
91
90
92
91
93
92
90
93
93
91
91
89
89
91
95
93
89
88
88
93
92
91
91
91
90
93
101
109
107
104
104
104
95
89
84
82
80
71
66
63
64
66
70
71
65
65
66
69
70
73
74
75
73
70
70
73
72
72
73
72
73
76
78
83
80
82
88
88
89
88
90
90
88
87
88
88
88
89
88
89
92
90
91
90
93
94
94
93
94
94
94
95
96
97
96
94
95
97
96
97
97
97
97
97
99
99
99
99
98
97
98
96
92
93
92
95
92
93
91
89
88
88
88
88
90
90
88
87
88
87
85
88
88
85
85
86
86
86
88
88
88
88
86
86
84
85
84
83
82
87
85
83
83
83
83
82
85
84
82
82
82
82
84
82
80
80
81
78
81
83
80
82
81
78
83
82
81
81
85
97
104
104
104
101
95
87
82
73
72
66
58
52
57
60
62
62
64
64
59
60
63
69
71
70
69
68
67
68
70
67
70
70
69
72
74
76
77
81
81
82
83
82
84
84
84
84
84
84
84
85
86
86
83
83
86
88
87
90
89
90
93
92
91
92
91
95
97
96
95
97
97
99
98
96
98
102
101
100
102
101
100
98
98
97
96
96
96
96
93
92
92
92
90
90
88
89
87
83
85
89
87
85
86
87
87
85
83
83
85
89
87
86
88
86
88
88
86
87
86
87
87
88
89
90
89
88
88
90
88
87
85
88
86
89
90
86
86
88
89
91
97
102
107
107
106
102
94
87
75
73
67
60
51
52
54
57
58
61
62
63
61
63
65
70
71
69
71
70
69
71
72
75
78
80
82
83
86
87
88
88
89
87
88
90
92
93
91
90
90
91
91
91
90
90
90
91
92
94
91
92
91
92
93
93
93
96
97
98
97
97
100
101
101
100
101
102
101
105
104
102
103
103
103
105
105
104
104
102
102
101
100
98
96
99
96
97
96
94
98
95
94
92
93
95
95
94
92
91
91
91
90
90
92
90
90
90
91
91
92
92
90
92
90
92
91
91
90
90
91
90
91
91
89
91
94
92
93
95
90
93
97
97
95
94
93
93
95
95
93
93
92
93
93
94
96
92
91
92
93
91
92
89
89
89
88
92
93
91
93
92
92
91
91
92
92
91
92
91
92
90
90
91
91
91
97
99
107
115
121
123
122
116
105
95
92
84
70
58
54
62
66
66
68
71
72
70
71
76
80
81
78
80
78
76
80
81
81
81
82
85
85
87
93
93
90
91
91
90
93
94
93
88
93
95
95
95
94
96
94
95
96
98
99
100
102
101
100
101
103
104
103
103
105
105
106
107
107
107
108
109
110
110
111
110
110
108
110
111
110
108
108
108
105
106
105
104
103
102
103
100
98
99
98
98
98
97
98
98
99
98
97
100
100
99
99
99
102
101
100
102
98
98
98
98
100
99
100
99
98
97
98
95
96
93
93
95
96
96
94
93
94
94
96
92
94
93
93
93
91
91
89
91
91
89
88
91
92
91
92
91
91
93
93
93
90
92
95
94
95
94
94
95
96
96
96
99
98
97
97
97
94
94
96
94
94
94
91
92
96
102
110
112
116
116
110
102
93
86
82
72
59
49
50
54
57
58
64
66
67
69
69
74
80
76
77
78
76
75
80
82
82
83
86
90
91
93
93
93
93
94
93
93
94
95
93
92
92
93
93
91
93
93
92
91
93
89
93
93
91
91
91
93
92
92
93
94
93
93
97
100
98
96
99
99
101
102
103
101
102
105
105
103
105
106
106
107
106
102
101
100
99
97
98
99
98
97
94
92
93
93
94
92
90
90
88
90
91
89
90
89
88
88
87
86
86
86
86
86
87
86
89
89
87
86
87
88
85
88
88
89
87
86
89
90
92
90
89
90
89
89
91
91
90
89
89
90
89
90
87
89
88
86
87
87
85
87
87
85
86
85
84
84
83
83
81
82
80
81
82
80
81
82
80
80
82
80
81
81
82
78
80
83
83
82
80
80
83
81
83
83
84
82
83
85
84
85
83
83
83
82
83
81
81
78
78
80
81
82
78
76
76
77
75
75
76
75
73
71
72
72
72
72
72
72
71
73
80
83
89
92
94
93
90
84
78
74
69
60
48
43
46
48
51
51
55
57
57
55
59
62
63
60
59
60
59
59
59
59
59
60
62
62
65
62
61
62
63
64
64
66
64
62
63
64
66
63
63
66
65
64
62
67
65
64
65
66
67
66
69
68
68
72
74
71
70
70
72
74
74
76
76
76
78
78
77
78
81
81
80
77
76
74
76
74
72
70
70
67
68
70
66
65
64
64
63
61
62
61
62
61
61
60
59
58
59
58
63
60
59
57
63
60
59
61
61
55
58
59
60
61
59
60
62
61
61
61
59
59
61
60
59
56
58
57
58
57
56
55
54
56
55
54
54
54
54
53
54
53
52
52
53
51
51
50
50
50
50
54
54
54
54
54
55
56
53
52
52
53
54
54
53
55
57
59
56
56
56
56
56
57
56
54
54
52
54
56
53
53
54
51
51
53
49
49
51
52
53
52
53
51
51
51
49
48
52
52
52
53
52
53
52
51
50
51
53
53
52
54
52
53
52
50
51
53
55
54
53
55
54
53
54
53
52
53
55
52
53
53
52
49
49
49
49
48
47
49
52
48
47
47
46
47
48
49
50
49
48
46
50
48
47
51
51
51
50
51
50
49
50
51
50
50
50
50
51
50
51
53
53
52
54
53
52
53
54
52
54
51
52
52
51
51
52
52
51
52
52
53
53
52
49
51
51
51
54
50
51
51
51
52
51
53
52
56
62
67
74
78
78
76
70
61
56
54
43
31
26
26
28
30
36
41
40
36
36
41
42
43
45
42
40
43
38
41
44
45
44
44
47
50
51
51
50
53
52
51
51
50
52
55
55
55
52
55
52
52
56
55
56
56
56
55
56
57
58
57
58
60
62
61
62
63
65
66
65
66
70
70
71
71
70
71
71
72
73
72
76
76
77
76
75
74
72
72
69
69
70
69
67
65
66
66
65
64
65
63
64
62
62
63
65
64
63
62
61
60
60
62
62
63
63
66
66
65
63
64
62
65
66
67
65
63
62
64
67
63
65
66
64
64
66
66
65
64
64
65
65
61
62
62
63
62
60
62
63
61
59
62
60
62
66
63
64
61
63
64
62
62
63
65
66
61
63
64
64
62
63
65
65
64
67
66
67
65
67
66
68
67
66
66
67
68
67
68
65
66
61
65
67
66
69
70
65
67
66
67
68
70
74
80
87
89
93
91
86
77
68
62
52
42
31
30
34
36
38
44
48
49
45
45
51
55
54
55
55
57
56
56
56
57
60
63
66
65
64
67
68
69
67
69
70
67
67
68
66
67
69
69
68
66
67
69
69
69
70
68
68
69
70
71
69
72
74
73
72
72
74
75
77
77
75
75
77
77
80
84
84
84
86
88
88
88
86
85
84
83
84
82
82
82
83
80
80
78
75
74
72
74
75
74
73
74
73
71
72
72
72
72
71
71
70
70
70
69
72
71
72
71
71
73
72
69
71
71
71
70
71
73
73
74
76
74
72
73
73
75
75
74
70
73
74
74
74
73
72
74
72
72
71
72
71
71
71
71
68
69
66
69
72
73
71
71
74
73
72
72
71
70
68
72
72
71
70
69
68
72
71
73
75
74
72
73
75
76
75
75
75
73
76
74
76
75
74
72
74
75
74
76
75
76
74
74
72
72
72
72
74
72
72
74
74
71
72
75
76
73
74
80
82
87
93
96
100
101
95
86
77
70
66
57
44
40
41
47
50
51
53
53
56
57
59
61
60
61
62
59
57
57
60
60
60
61
65
65
67
68
71
70
70
70
71
71
70
71
72
72
70
71
71
69
72
72
71
71
70
70
69
74
71
72
74
75
77
77
77
78
77
80
78
80
81
80
81
82
81
82
80
81
81
83
83
82
85
83
81
84
81
77
77
80
76
74
71
73
72
69
68
70
69
69
66
65
67
63
62
63
66
65
62
60
62
65
63
63
66
67
66
63
64
63
62
63
64
64
63
59
59
62
62
61
57
60
60
59
56
55
57
55
54
55
56
55
55
52
51
53
54
53
51
52
54
51
55
53
51
51
51
51
50
48
52
53
50
52
60
65
73
76
78
75
68
61
54
50
47
35
23
21
28
32
28
30
33
29
29
30
36
37
37
34
33
33
36
34
34
36
35
35
37
40
43
44
42
45
46
43
48
46
44
44
43
42
44
45
47
46
45
49
50
47
47
48
48
49
49
50
49
51
51
50
49
46
51
51
48
54
51
52
52
51
52
53
52
53
54
53
54
53
54
53
54
49
49
50
47
45
45
46
45
44
42
41
38
42
42
38
37
38
43
43
43
43
37
40
42
42
41
41
42
40
40
40
41
38
40
42
40
37
37
36
35
37
34
33
35
36
37
36
36
40
38
35
36
33
33
34
35
35
33
35
35
34
32
32
33
32
35
36
35
40
44
46
54
58
59
59
53
44
37
31
27
21
11
5
7
9
12
12
13
13
11
10
13
16
19
19
17
16
18
18
18
20
18
17
19
22
23
23
24
25
28
34
30
33
32
31
31
32
33
35
37
35
35
34
35
35
36
35
35
34
34
38
42
40
41
38
41
38
40
41
43
43
42
42
43
44
45
44
47
48
45
46
45
44
46
47
44
46
42
40
41
38
40
40
40
40
40
36
36
41
41
36
37
37
37
38
36
34
37
36
37
35
35
36
37
34
33
34
34
35
34
32
31
33
33
36
33
33
35
36
33
29
33
34
32
32
34
32
32
35
34
31
32
32
31
32
33
35
36
35
35
38
38
40
41
40
36
37
37
36
36
35
34
36
40
36
37
37
36
35
38
37
37
34
34
33
34
35
36
35
37
36
37
41
40
36
38
37
37
36
37
44
48
55
59
63
66
64
56
47
41
35
24
12
7
7
11
13
16
22
22
19
19
21
28
28
29
25
23
26
28
27
28
29
30
32
33
34
36
38
38
41
41
41
38
42
38
40
45
41
41
42
41
43
43
41
43
44
44
43
46
49
50
51
50
53
51
50
52
53
56
57
55
54
57
57
58
60
59
57
58
59
61
61
59
60
59
59
57
59
57
57
56
55
54
53
51
52
50
50
49
49
49
46
48
48
48
46
47
50
49
50
52
50
51
50
52
51
52
52
52
53
49
51
52
50
53
51
51
50
51
51
51
50
50
49
48
49
48
47
51
51
50
50
52
55
60
66
70
71
69
64
55
47
41
34
29
19
14
15
18
25
27
30
30
28
29
32
33
35
38
40
40
38
37
40
41
40
42
43
43
47
48
52
52
53
53
54
54
54
55
54
53
55
55
53
57
56
59
57
57
56
55
57
58
58
57
58
56
58
60
58
60
66
69
66
67
69
69
68
68
69
72
71
70
70
70
70
70
69
69
68
63
64
63
62
61
62
59
59
54
58
63
59
58
58
58
57
57
53
54
56
56
54
54
56
55
56
54
55
55
55
58
58
60
57
59
61
61
60
59
63
61
59
59
59
59
59
61
59
59
59
57
61
58
59
60
58
58
59
59
56
57
56
57
58
58
55
56
55
56
57
55
58
56
53
55
56
55
57
58
56
54
54
57
58
57
60
61
63
61
60
60
60
58
62
65
59
59
61
60
58
59
60
58
60
60
58
58
55
55
58
57
56
59
63
68
75
78
77
78
72
68
59
52
47
34
25
21
22
27
29
35
35
35
35
36
41
45
45
45
45
44
45
46
46
46
47
46
46
49
51
53
50
55
53
54
53
53
53
52
50
52
51
52
53
49
50
50
50
49
48
50
51
51
50
49
50
52
50
51
52
53
52
54
55
57
55
59
58
60
60
61
61
61
62
62
62
62
62
61
59
59
59
58
56
55
53
54
51
50
49
48
48
49
48
45
43
45
43
43
44
44
43
44
43
41
42
40
38
38
41
42
42
41
42
42
42
41
44
44
46
46
44
45
46
48
47
46
44
44
46
45
46
43
44
45
44
45
46
44
40
43
41
42
43
43
42
42
42
43
41
43
42
40
40
41
36
42
41
41
42
40
36
40
42
38
40
42
44
44
42
47
46
46
44
42
46
48
48
53
62
63
63
64
60
51
43
40
36
28
14
10
13
18
17
19
22
25
21
21
24
29
31
26
23
22
25
25
28
28
26
28
31
32
34
34
35
37
41
43
43
42
44
44
44
45
44
44
44
46
45
47
49
45
44
46
46
45
48
48
48
48
47
47
49
49
50
51
52
51
50
52
53
53
53
54
55
54
53
54
54
56
54
52
54
56
55
53
52
51
50
50
51
52
54
52
50
51
49
48
48
50
48
47
49
47
48
48
46
45
45
46
47
47
44
45
44
46
46
45
47
46
44
45
46
43
43
46
45
44
44
46
43
45
46
46
48
47
48
46
47
50
50
51
49
51
48
50
52
53
51
52
52
53
52
51
52
52
51
52
52
51
50
51
52
53
52
48
48
51
53
51
52
52
52
51
50
52
52
49
51
52
53
53
53
54
54
53
54
55
55
56
59
60
58
58
60
58
58
58
58
58
59
59
59
58
59
58
57
60
60
65
73
77
82
86
82
71
63
56
49
41
27
19
20
24
29
32
35
34
33
34
37
41
42
44
42
40
42
43
47
47
50
52
51
52
54
60
59
59
60
62
62
64
62
63
63
64
65
63
66
63
62
62
63
63
64
63
65
64
62
68
67
67
67
67
69
70
69
71
72
71
73
72
74
74
76
75
77
78
77
81
81
80
85
85
86
85
77
81
82
80
81
78
76
73
73
75
74
71
69
70
70
69
68
66
68
67
66
70
69
71
67
67
70
68
68
68
67
68
67
67
68
65
67
67
67
68
67
69
68
67
67
72
69
71
72
71
69
71
71
70
71
72
73
73
72
71
69
70
71
72
72
68
70
70
70
70
69
69
67
68
71
71
69
70
70
68
64
67
69
69
69
71
68
69
69
68
69
67
66
71
69
69
70
72
73
72
75
74
74
73
74
73
74
72
71
69
69
73
75
74
73
72
70
70
70
70
68
70
69
69
68
68
68
69
69
65
66
69
68
67
69
68
68
67
69
75
83
91
96
97
95
88
78
73
68
56
42
33
32
38
40
46
50
48
49
52
54
55
55
56
57
57
56
59
58
57
58
57
59
61
66
66
66
69
71
71
68
68
66
70
70
69
70
71
71
71
69
71
71
70
71
72
74
74
78
80
77
76
80
78
77
80
80
81
82
83
81
85
86
83
83
84
84
85
88
88
86
87
86
86
87
82
80
81
85
83
81
76
80
80
80
77
74
72
72
74
73
73
74
74
72
69
74
73
75
76
77
75
72
74
76
75
76
76
73
74
72
77
77
77
75
73
73
73
76
75
74
71
72
72
71
71
70
70
71
71
71
70
71
71
71
70
68
67
70
68
68
70
69
68
69
69
70
71
70
71
72
73
72
73
73
71
73
72
72
72
74
72
73
71
71
74
77
84
90
94
94
92
86
77
68
61
56
43
31
28
33
36
35
42
46
45
42
43
47
48
50
53
51
50
49
50
50
52
55
56
54
60
63
63
61
65
63
63
65
63
64
63
64
63
63
63
64
63
62
63
61
62
63
63
60
62
64
62
61
61
61
61
62
63
63
65
65
64
63
64
67
67
66
67
70
67
68
69
68
70
71
70
70
69
72
71
67
69
66
63
62
68
67
63
63
61
61
60
59
60
58
57
54
56
54
52
56
59
52
51
51
54
57
56
51
52
52
53
50
48
49
48
50
51
52
46
47
52
49
50
53
51
51
50
50
52
52
52
52
51
51
53
54
54
53
56
55
64
70
68
67
68
60
52
47
41
38
30
20
16
20
20
25
24
24
27
24
23
25
29
28
29
29
28
29
28
30
30
30
32
33
34
37
42
44
44
46
47
46
47
47
51
49
48
47
48
47
47
47
47
47
48
47
44
44
46
47
45
49
49
50
50
49
49
49
51
53
52
51
49
51
55
55
52
52
54
55
54
57
55
55
55
57
55
55
53
53
52
52
53
51
49
51
53
51
50
49
50
48
50
49
48
45
42
47
47
48
43
43
41
45
47
45
43
44
42
43
43
43
42
43
43
40
37
36
42
40
40
42
40
41
44
41
41
42
43
42
43
42
44
44
45
43
41
44
49
54
62
66
66
63
60
53
44
38
33
26
17
11
12
13
17
20
20
18
18
17
19
22
23
25
20
23
22
21
20
22
27
27
30
31
30
33
33
37
38
35
37
43
45
43
42
42
43
43
45
46
43
44
44
46
44
44
45
45
43
47
45
45
47
46
48
47
48
47
48
49
52
51
50
51
53
53
53
51
52
52
53
55
55
54
51
51
53
53
53
52
51
51
46
46
50
51
51
49
50
49
50
50
48
49
49
47
47
46
46
45
48
47
46
44
45
45
46
44
45
45
47
46
43
41
43
44
44
43
45
45
49
52
60
64
63
63
61
54
47
38
34
30
28
21
15
17
19
25
26
23
23
24
23
27
32
31
32
33
32
33
32
30
32
35
36
36
41
44
45
45
45
46
45
45
48
47
47
45
48
47
46
45
46
48
48
49
51
50
51
55
54
55
56
56
57
56
60
60
63
63
62
62
64
63
66
66
64
65
63
66
65
65
66
63
63
61
61
59
60
57
59
57
55
54
54
53
52
52
50
51
52
48
47
48
48
49
48
50
52
51
52
48
49
51
51
52
52
51
55
53
54
53
54
52
52
54
52
52
54
54
53
54
50
49
53
56
59
65
70
72
70
68
63
54
47
40
31
25
20
16
15
15
22
26
24
26
26
26
28
28
33
35
35
35
35
35
36
38
41
42
41
43
47
50
50
50
51
52
53
52
53
54
54
52
53
52
52
54
52
54
54
53
53
52
52
53
54
56
53
57
56
57
57
58
56
58
57
59
60
61
64
65
63
65
67
67
64
65
67
65
68
69
65
60
68
66
63
62
60
59
59
59
57
55
57
55
54
53
56
53
53
52
53
52
51
55
53
53
54
52
50
51
50
51
51
51
51
50
50
54
53
52
52
53
52
51
52
53
56
58
56
55
54
55
55
54
54
55
56
55
54
54
54
55
55
59
63
70
72
75
76
69
64
55
47
41
30
24
16
14
14
20
25
24
24
25
24
27
29
32
34
35
35
37
33
36
41
42
42
44
45
48
50
53
51
54
55
54
55
55
55
57
56
54
56
55
55
55
55
54
53
57
56
55
54
55
55
56
56
56
57
58
58
55
59
60
62
62
61
62
64
67
63
68
67
67
67
66
65
66
66
69
68
66
64
64
63
62
61
60
60
59
58
59
58
58
58
57
54
52
54
55
54
52
52
54
54
51
49
51
52
52
51
51
49
49
50
48
49
50
51
49
49
50
54
50
51
50
51
51
50
51
52
53
55
52
55
55
55
55
56
55
55
54
51
53
54
52
53
52
51
54
52
50
50
49
51
49
50
53
58
63
69
71
70
67
61
53
48
42
35
25
14
13
16
20
25
28
26
24
24
26
31
33
34
36
37
40
37
37
40
41
41
40
41
42
45
48
48
47
47
47
48
48
47
45
46
48
46
48
46
46
43
42
43
42
45
45
44
40
41
47
47
50
48
47
48
50
52
49
51
52
54
55
52
49
54
56
57
57
55
54
57
58
56
56
58
55
52
52
52
52
50
47
45
46
46
42
43
42
40
42
40
38
37
37
33
33
32
34
33
34
33
31
31
32
32
34
33
33
33
34
34
31
33
31
34
31
30
36
36
42
46
49
51
47
45
38
30
26
21
18
16
11
4
6
10
16
15
10
12
13
10
13
15
18
17
16
15
16
14
13
13
14
14
13
17
20
20
20
23
23
26
27
26
27
27
26
26
26
28
31
29
27
29
28
28
32
32
29
29
28
30
31
32
32
34
37
41
37
38
36
34
38
42
40
40
38
40
38
37
40
38
36
30
30
33
34
30
30
29
28
27
25
24
28
27
25
24
24
24
24
22
22
24
21
22
23
24
23
23
22
20
20
21
20
22
23
25
25
25
24
22
22
21
19
24
21
20
18
20
21
20
18
18
20
19
19
18
18
17
15
19
21
13
15
21
20
15
15
16
16
19
16
19
19
18
19
18
17
19
18
18
21
14
14
21
23
23
22
23
22
26
32
37
42
44
44
38
28
19
14
11
6
-7
-16
-19
-14
-4
-6
-4
-3
-1
-3
0
3
4
5
4
5
2
-1
2
6
9
10
7
8
12
12
15
17
18
19
18
19
18
19
16
20
24
24
20
22
22
21
22
23
25
25
26
26
23
24
26
26
26
28
28
29
30
30
29
31
31
33
33
33
33
33
36
38
37
35
37
38
36
35
36
35
33
32
32
31
31
33
31
29
29
28
29
29
29
29
26
31
32
28
28
27
28
29
28
26
25
26
25
24
27
28
27
25
26
27
25
24
24
27
26
22
26
24
29
28
29
27
28
28
27
28
29
27
28
25
28
32
28
34
44
51
50
50
50
46
35
27
23
21
10
0
-7
-6
0
2
6
8
6
3
4
10
13
14
13
13
11
15
17
16
16
16
18
20
22
25
25
26
27
30
29
28
29
28
30
30
32
33
31
33
32
32
34
34
34
37
35
37
35
37
37
38
38
36
40
41
43
45
46
44
46
46
44
42
45
50
49
51
49
49
50
49
48
48
47
46
43
44
45
42
42
38
38
37
36
34
38
36
36
36
34
36
35
36
38
36
34
31
34
38
36
35
34
35
35
36
34
33
32
31
35
36
36
35
33
36
37
36
41
38
40
37
41
38
38
38
38
36
36
37
36
36
36
36
38
37
36
36
36
34
35
36
34
35
36
35
33
34
36
35
35
34
35
35
33
33
32
32
33
33
34
33
33
35
35
34
33
35
35
32
41
43
41
40
38
36
40
42
42
40
38
37
37
40
38
37
38
35
37
40
38
38
36
34
34
34
37
38
38
36
41
37
37
35
37
38
33
37
36
37
41
37
38
37
38
38
38
40
37
41
46
51
57
64
66
68
66
59
49
42
36
24
15
6
7
12
13
14
16
17
17
18
22
24
25
23
23
25
26
24
26
25
23
24
26
29
35
33
34
34
37
35
38
37
37
40
40
36
38
41
40
40
42
43
44
40
41
42
43
47
48
49
50
51
51
52
51
52
51
53
54
56
54
53
54
57
56
56
58
58
59
58
59
58
60
59
55
53
53
52
53
50
50
50
49
50
47
48
48
48
43
47
48
46
45
45
44
46
46
45
43
42
45
47
49
49
51
47
47
47
44
46
47
43
45
45
45
44
43
44
46
43
41
40
41
37
38
41
38
40
36
36
36
37
35
34
38
35
38
40
37
36
38
37
38
38
38
37
40
37
40
40
40
38
36
37
40
44
45
44
43
43
41
41
42
43
44
44
44
42
43
44
40
42
42
40
38
37
35
38
40
36
36
36
35
33
35
36
36
36
38
38
36
35
35
37
37
36
37
32
35
37
40
42
37
37
43
47
53
59
60
62
62
49
44
37
35
26
12
4
10
9
10
12
18
15
14
14
18
19
20
19
18
16
16
15
16
13
16
18
21
22
26
27
27
26
28
26
30
31
32
31
33
31
29
28
32
32
34
32
34
32
32
33
33
34
35
36
37
40
37
38
40
41
40
41
38
44
40
41
44
38
40
42
41
41
42
43
44
45
43
38
43
42
40
37
38
40
38
36
35
34
33
34
34
33
31
31
31
28
28
30
31
33
31
28
27
31
31
29
31
32
30
32
34
31
29
31
30
28
29
28
29
28
28
27
25
24
27
25
23
25
24
23
24
23
23
24
23
26
23
22
25
23
25
25
23
24
24
25
24
23
23
25
26
23
25
27
25
25
26
26
27
28
28
26
30
31
27
27
29
29
25
23
24
23
23
25
29
31
38
45
45
48
47
41
28
17
18
17
6
-7
-8
-4
0
1
5
6
7
5
4
9
12
15
12
11
12
13
14
15
17
15
16
18
20
23
28
29
27
26
28
29
29
27
28
27
28
26
24
25
28
26
29
25
27
28
28
29
29
28
29
28
29
29
31
32
32
32
34
34
33
31
37
41
40
40
43
41
40
42
42
41
43
42
42
44
40
38
42
44
42
41
38
40
36
34
36
35
35
34
34
32
33
32
30
30
29
31
32
31
32
30
29
28
30
32
29
31
32
31
28
30
32
29
32
33
32
32
30
31
31
31
29
33
32
29
32
32
33
33
34
34
35
35
33
31
32
32
34
35
30
31
31
31
31
29
29
31
30
27
32
31
30
31
31
30
28
29
30
27
26
28
32
32
31
29
28
29
30
30
31
31
31
30
31
32
32
32
31
31
33
31
32
33
35
33
36
36
33
33
34
35
33
34
35
32
32
33
33
32
33
32
34
33
32
30
29
31
33
30
29
29
31
33
32
30
32
33
34
30
31
33
33
34
32
33
32
32
32
34
33
34
33
34
32
34
33
36
40
46
53
56
59
63
63
55
47
38
30
18
5
0
-3
2
1
5
11
12
13
13
14
17
18
20
19
18
17
17
18
20
19
22
26
29
30
30
32
32
30
30
33
35
35
37
34
35
35
34
35
34
37
38
38
36
38
37
42
41
42
41
44
43
43
42
41
40
42
45
45
44
46
47
49
46
46
47
47
47
48
49
49
52
53
52
50
48
48
47
48
51
50
46
45
44
45
41
41
40
36
35
37
41
38
40
40
42
41
41
40
36
38
36
36
38
37
37
38
37
35
36
35
36
37
38
34
33
33
33
35
33
33
32
34
34
36
41
45
51
52
52
50
47
37
33
27
24
20
11
1
-4
1
8
10
8
11
8
11
16
19
17
21
20
23
23
23
19
21
20
24
23
27
28
31
36
34
35
37
34
33
35
33
33
35
35
33
35
35
35
36
38
37
34
35
33
36
37
36
37
36
38
40
38
37
38
40
37
40
41
42
46
46
46
46
49
48
48
47
46
45
44
46
46
45
42
43
42
40
36
37
36
33
31
34
34
32
31
33
31
31
30
30
32
30
31
30
28
27
28
28
26
26
28
28
27
26
29
32
35
38
36
34
31
29
27
20
15
14
14
12
5
1
3
10
11
11
11
6
5
9
10
9
13
16
17
15
11
13
11
10
11
17
18
21
24
25
25
24
26
26
27
26
28
27
28
30
30
26
25
30
30
28
31
32
33
34
33
34
33
33
36
35
36
37
40
38
40
40
36
40
40
40
42
41
42
37
38
42
40
40
38
36
35
34
33
32
28
27
30
30
26
27
28
25
25
24
24
24
24
25
25
22
22
23
25
26
24
26
27
27
28
26
26
25
27
28
29
24
24
24
25
25
24
24
23
24
23
23
21
24
23
23
20
22
22
21
22
22
22
20
21
19
18
19
20
17
20
22
21
18
18
17
17
21
23
21
21
23
22
23
24
23
23
23
22
21
21
22
21
19
18
22
23
20
22
22
19
18
18
19
18
16
16
18
17
19
19
19
18
18
21
20
18
15
16
20
16
14
18
15
17
17
18
17
17
19
20
18
23
24
21
20
20
24
23
24
25
22
24
26
30
36
43
45
49
43
40
31
27
21
13
-1
-11
-13
-6
-8
-5
0
2
2
2
3
6
7
8
7
2
5
6
5
7
9
8
9
10
12
14
17
18
18
21
22
21
25
24
23
26
26
23
24
26
25
24
25
25
24
25
25
28
27
26
27
24
25
27
29
31
31
29
31
34
33
33
35
33
35
36
36
38
38
38
37
35
41
43
37
38
38
37
37
38
40
36
34
36
34
33
31
30
30
32
30
29
29
29
29
26
25
28
28
25
27
26
27
24
26
25
26
29
26
27
22
24
28
27
26
23
24
23
20
24
25
27
26
24
23
28
24
27
29
28
32
41
45
47
50
47
45
40
29
22
18
12
1
-4
-6
-4
1
3
5
4
3
2
4
5
9
11
9
7
8
9
9
10
11
13
14
17
19
19
21
24
21
21
24
25
26
28
28
27
26
28
29
30
33
32
31
30
33
32
33
33
33
31
37
35
35
34
40
41
36
34
33
38
41
42
40
36
41
43
42
40
41
41
43
40
38
42
40
36
34
35
33
35
34
34
32
31
29
29
32
30
28
32
31
34
32
34
34
31
28
30
33
32
33
29
28
31
29
30
30
29
30
31
30
30
27
25
28
27
29
29
27
26
26
27
23
26
28
29
26
27
26
25
23
27
25
26
24
28
27
28
26
25
26
29
30
31
30
31
32
29
32
32
35
31
30
32
29
33
31
29
31
30
30
29
28
31
29
30
31
30
28
29
29
28
27
29
29
30
28
32
27
28
29
31
37
45
49
53
56
55
52
45
35
29
24
14
0
-6
1
4
8
10
14
13
9
15
17
21
21
21
20
21
22
20
22
18
19
21
21
21
29
24
26
30
31
30
30
32
30
28
28
29
29
30
27
24
27
31
30
30
28
30
32
29
30
32
33
34
34
35
36
36
38
38
36
38
41
40
41
41
41
44
44
44
46
46
48
48
47
46
46
44
42
43
43
41
35
35
34
33
33
30
30
27
27
25
23
25
22
22
23
22
22
23
22
22
22
24
22
23
24
22
21
23
22
21
22
20
20
22
18
20
23
19
19
20
20
19
20
20
20
20
22
21
23
24
22
24
23
20
20
23
22
20
18
17
17
18
17
18
17
15
16
15
13
15
17
16
16
15
15
15
13
14
14
15
14
17
16
16
16
17
16
14
13
15
14
12
15
13
15
20
27
33
35
38
37
32
25
19
15
11
1
-12
-16
-12
-10
-11
-12
-4
-4
-8
-7
-1
1
2
-1
0
-1
-1
-3
-3
-1
0
-3
1
3
5
6
9
12
13
13
11
11
11
14
15
12
14
15
15
14
15
15
15
15
15
14
16
17
23
21
20
20
20
22
22
21
25
25
26
25
22
23
26
27
28
25
27
30
30
30
30
29
29
31
28
29
27
28
27
25
25
23
22
22
20
21
19
17
17
18
24
21
17
18
19
18
20
21
19
16
22
22
20
20
19
19
18
18
18
18
16
18
17
18
15
15
19
16
19
18
16
16
15
17
15
13
10
15
19
16
17
17
13
14
17
16
16
16
14
15
16
15
14
15
12
15
14
16
15
16
16
18
18
15
19
16
18
16
16
16
15
15
15
16
15
16
14
13
15
17
23
28
35
36
37
33
22
16
13
10
2
-9
-17
-19
-12
-11
-13
-10
-8
-4
-8
-6
-3
0
1
1
2
0
2
3
4
4
5
6
7
8
9
10
14
14
15
14
13
13
16
16
17
18
17
17
18
18
18
18
17
18
17
17
19
18
17
20
19
18
20
19
19
23
24
26
25
22
25
25
28
24
28
31
31
28
30
29
28
29
33
31
30
30
28
25
25
23
23
21
22
22
22
19
17
18
20
14
16
17
17
15
19
16
14
15
14
17
14
17
17
16
17
16
18
16
15
16
18
18
18
16
18
17
18
16
18
18
18
18
17
19
20
16
17
14
18
21
22
20
18
21
20
19
20
18
18
22
20
19
18
18
18
19
18
19
16
18
19
18
18
18
18
20
19
18
17
16
16
18
19
19
16
20
21
21
21
19
19
21
20
19
16
19
22
22
20
19
19
21
22
20
20
18
21
23
20
19
20
18
18
20
19
20
20
19
19
20
20
19
17
18
20
18
19
20
24
21
18
19
20
20
23
23
23
22
24
24
22
23
23
22
22
22
25
26
25
24
23
21
23
22
24
24
26
26
25
25
26
24
23
24
24
24
25
23
23
25
24
23
22
23
20
22
24
23
23
24
20
26
25
23
22
23
22
23
24
23
21
24
28
27
23
23
25
22
22
23
25
27
28
26
25
27
26
27
25
28
25
27
26
26
28
29
27
28
28
28
28
33
40
47
49
57
57
50
42
32
24
15
-3
-14
-15
-9
-6
0
1
1
3
3
7
10
9
8
10
14
12
11
10
12
14
13
13
21
25
24
23
27
25
28
28
28
27
28
28
29
29
28
30
28
31
31
26
28
29
28
28
28
33
30
30
29
29
31
33
34
35
32
33
33
35
36
38
36
40
37
36
45
43
45
46
43
44
44
41
44
47
46
47
47
