121
120
117
120
122
122
122
120
120
116
121
122
118
122
118
118
121
120
117
118
120
116
117
118
117
116
115
113
115
115
112
113
113
115
114
115
115
114
112
113
115
115
116
116
114
114
115
115
117
116
115
115
114
117
116
114
115
116
114
115
114
114
115
115
113
114
115
116
114
115
116
116
114
114
112
110
112
112
110
111
114
110
110
112
111
113
120
122
121
116
110
105
102
103
105
104
100
95
100
109
113
118
124
126
122
118
121
122
124
123
121
121
121
118
116
116
115
114
114
110
110
109
108
112
112
107
107
106
104
107
106
109
105
104
104
101
102
103
104
104
103
101
101
103
103
102
103
101
101
100
102
108
109
109
106
105
106
107
106
105
104
105
107
108
106
108
108
107
111
110
108
108
108
108
109
109
107
106
106
107
105
105
106
105
104
103
104
102
102
102
101
101
102
100
102
101
101
103
101
98
97
99
103
100
104
104
103
102
100
99
100
102
101
97
99
98
100
103
102
104
109
109
105
103
99
95
91
91
94
98
95
89
92
99
106
111
109
108
104
101
102
104
106
108
104
103
105
104
99
99
98
98
98
96
95
97
96
95
94
95
95
94
94
94
92
91
92
94
93
91
92
95
95
96
97
95
94
95
94
93
93
93
95
96
96
95
94
91
90
96
98
95
93
95
94
93
92
92
94
96
96
93
92
93
93
91
91
91
92
93
91
92
93
90
90
90
90
88
90
89
89
87
88
90
91
91
90
88
92
93
90
90
91
89
89
90
89
90
87
86
87
87
88
86
84
85
85
86
82
82
82
83
83
84
83
83
83
83
80
81
81
83
83
84
82
82
80
80
81
81
83
82
82
81
84
84
83
84
86
84
82
83
83
84
84
83
80
78
83
83
82
80
83
83
82
82
82
83
90
96
97
94
91
82
72
66
64
64
59
51
48
51
61
70
77
85
84
82
81
82
82
83
87
89
86
85
83
82
81
81
76
80
80
78
78
80
78
78
78
76
78
77
76
76
73
74
73
72
71
71
72
72
73
73
72
71
72
71
72
72
70
71
72
74
74
72
73
74
76
75
75
74
76
77
78
77
78
82
80
81
80
81
81
81
80
81
80
78
80
81
80
78
76
77
76
75
77
75
75
73
71
72
72
72
70
71
71
70
69
70
69
67
65
65
66
68
66
65
67
65
64
64
67
67
67
67
68
69
69
68
68
68
67
70
69
69
67
67
71
69
70
71
71
70
70
69
70
69
69
70
71
73
81
85
85
83
75
64
56
50
49
46
38
33
33
40
50
58
63
65
64
64
66
69
71
71
68
68
68
67
67
63
64
64
64
64
61
63
65
64
64
64
64
65
63
61
65
64
63
64
62
62
62
62
61
59
57
57
57
56
60
62
61
61
58
56
55
57
58
57
59
57
56
59
61
60
60
61
62
62
61
59
63
65
64
64
60
62
64
63
61
60
62
62
63
61
62
66
64
60
60
59
60
63
60
59
57
58
56
56
58
59
54
54
56
55
52
52
51
52
51
48
50
53
52
52
52
51
53
52
52
53
53
54
52
51
50
54
53
53
51
50
52
55
53
53
53
53
54
57
56
56
55
55
54
54
57
64
68
68
65
59
52
43
37
37
34
27
18
17
24
30
37
47
52
51
50
49
52
56
55
53
52
52
54
53
51
48
49
51
47
46
46
49
48
47
48
47
45
44
45
47
49
49
49
49
47
46
46
47
47
44
47
46
48
45
45
43
41
42
45
43
41
40
42
45
45
43
45
46
42
40
43
46
46
48
48
48
48
48
48
48
48
46
46
49
48
46
46
47
49
46
45
47
47
45
45
46
48
47
47
47
47
47
47
46
45
45
44
44
43
41
40
41
40
38
36
34
37
38
36
36
36
37
38
38
40
40
37
36
36
36
38
38
38
38
38
37
40
41
40
37
40
40
40
41
40
40
40
42
42
42
41
41
41
41
40
37
40
41
40
37
35
34
35
33
34
35
36
31
33
33
34
32
33
33
33
31
32
32
32
32
31
29
31
32
32
31
32
32
32
34
33
32
32
32
34
35
36
41
45
44
42
38
34
30
25
26
25
18
13
16
21
29
33
40
41
40
41
42
42
40
41
42
40
37
36
35
33
33
29
26
25
25
25
27
26
25
26
28
26
26
26
26
25
25
26
28
26
25
26
27
27
27
27
26
25
25
25
27
27
26
27
27
25
24
26
26
25
26
25
25
23
25
27
27
25
22
24
26
25
26
23
26
28
25
24
25
22
23
23
23
23
24
25
25
24
24
26
23
24
25
25
24
24
26
24
23
24
25
24
25
23
23
25
26
23
25
25
26
25
24
25
25
25
24
23
23
22
21
20
20
21
20
19
20
21
19
19
19
19
20
20
19
20
21
20
19
21
20
19
15
19
19
20
21
22
23
21
21
22
19
20
22
19
19
22
22
21
20
19
20
19
20
19
17
16
16
18
18
18
16
17
16
16
17
17
16
17
16
16
16
15
16
15
16
18
19
22
23
23
21
18
12
7
7
12
12
5
1
2
8
13
18
26
27
26
24
26
28
29
27
27
26
24
23
23
21
20
20
17
14
12
11
12
12
11
11
10
11
10
11
11
10
9
8
9
8
9
9
9
8
9
11
12
12
10
11
12
14
13
14
14
14
14
15
15
15
16
13
14
16
17
16
16
16
18
19
18
17
20
21
19
16
16
16
17
14
15
14
12
12
11
12
11
9
10
12
15
13
10
9
10
11
11
12
13
12
13
12
12
12
11
10
11
10
11
12
11
9
9
8
9
11
9
8
11
15
13
13
11
12
13
13
10
10
9
11
11
11
9
9
10
10
8
8
7
6
7
7
8
7
6
8
7
7
9
10
9
8
8
8
8
9
9
9
8
8
7
7
7
6
6
7
7
8
8
9
8
9
8
10
11
10
11
10
9
8
7
6
7
8
7
6
5
7
7
4
3
5
4
3
5
5
6
5
3
2
2
6
5
5
7
6
7
8
7
6
6
7
6
5
6
7
6
5
5
6
8
8
9
9
8
8
7
7
7
5
9
9
8
6
8
8
7
5
4
3
6
5
3
2
3
4
6
4
0
0
3
4
5
6
4
6
5
7
6
6
5
2
2
1
4
5
5
4
4
6
8
13
22
24
24
21
12
3
-4
-8
-8
-15
-23
-21
-16
-11
-1
8
11
9
10
12
10
11
11
10
10
9
7
5
5
3
2
-1
-3
0
1
1
3
0
-3
0
2
3
3
2
1
0
-1
0
1
0
1
1
1
1
2
2
2
4
2
3
4
3
1
6
7
7
8
4
6
6
6
5
5
5
4
3
6
7
6
3
4
7
6
5
5
5
4
3
4
7
4
4
4
3
1
-1
1
2
0
1
2
0
0
1
0
1
2
1
3
3
1
3
2
2
3
2
2
4
1
3
2
-3
-4
-3
0
-3
-4
-3
-1
-3
-1
-1
-1
-4
-5
-4
-4
-4
-3
-3
-4
-4
-5
-6
-6
-3
-5
-5
-4
-5
-5
-4
-3
-4
-3
-1
0
0
-1
0
-1
0
1
1
3
3
2
1
1
3
4
6
11
17
16
12
7
-5
-12
-16
-21
-26
-31
-34
-32
-24
-17
-9
1
4
2
1
1
4
7
6
4
2
2
3
0
1
0
-3
-4
-5
-6
-5
-5
-4
-8
-7
-1
-1
-4
-4
-5
-4
-3
-5
-4
-3
-4
-5
-5
-6
-5
-5
-5
-4
-6
-7
-7
-7
-5
-5
-7
-11
-8
-7
-7
-6
-8
-9
-8
-6
-8
-10
-6
-5
-1
-3
-4
-5
-4
-3
-5
-3
-1
-4
-1
-1
-4
-4
-4
-5
-4
-4
-3
-1
2
1
-3
-1
-3
-3
-3
-3
-3
-3
-5
-5
-7
-8
-4
-5
-4
-6
-6
-8
-7
-10
-11
-10
-8
-12
-11
-11
-8
-9
-11
-11
-12
-12
-10
-9
-7
-7
-7
-8
-7
-8
-9
-9
-9
-7
-5
2
5
5
1
-3
-11
-16
-19
-18
-11
-12
-20
-23
-19
-11
-4
2
6
3
2
3
3
2
3
2
0
0
0
-6
-5
-6
-10
-11
-12
-13
-11
-11
-11
-13
-12
-12
-10
-11
-12
-12
-11
-12
-15
-13
-8
-10
-11
-11
-11
-12
-10
-10
-13
-10
-8
-8
-8
-8
-9
-10
-11
-11
-8
-6
-5
-6
-7
-7
-6
-8
-9
-8
-9
-8
-8
-8
-9
-9
-10
-9
-10
-11
-10
-10
-10
-12
-12
-10
-9
-9
-10
-9
-8
-10
-9
-10
-8
-7
-7
-6
-8
-10
-10
-8
-7
-7
-8
-6
-4
-7
-8
-7
-9
-9
-10
-11
-9
-5
-5
-8
-9
-9
-9
-7
-10
-13
-14
-12
-12
-14
-14
-15
-16
-15
-13
-13
-13
-13
-15
-15
-12
-12
-12
-13
-11
-11
-12
-12
-13
-10
-8
-10
-8
-6
-1
2
3
1
-6
-12
-16
-17
-16
-13
-17
-26
-27
-19
-10
-7
-1
3
4
1
-4
-3
0
3
0
-5
-4
-4
-8
-8
-10
-11
-14
-15
-17
-18
-13
-10
-10
-11
-12
-13
-13
-13
-14
-14
-11
-10
-10
-11
-12
-12
-12
-13
-14
-15
-17
-11
-11
-10
-11
-11
-10
-9
-10
-10
-7
-7
-8
-9
-11
-9
-7
-7
-10
-10
-9
-10
-10
-8
-8
-8
-8
-10
-9
-10
-10
-11
-10
-9
-11
-8
-9
-8
-8
-9
-10
-8
-9
-10
-7
-6
-7
-8
-8
-7
-8
-11
-9
-5
-7
-8
-6
-5
-7
-8
-6
-6
-5
-6
-9
-9
-8
-8
-9
-10
-11
-12
-11
-12
-11
-13
-14
-13
-13
-11
-13
-15
-14
-12
-11
-12
-13
-14
-11
-10
-6
2
2
-1
-5
-11
-18
-23
-24
-22
-22
-26
-30
-29
-23
-12
-6
-1
-3
-7
-5
-3
1
2
1
0
1
1
-4
-7
-8
-9
-11
-14
-14
-14
-12
-13
-13
-14
-15
-14
-14
-15
-15
-16
-15
-14
-15
-15
-16
-16
-16
-13
-13
-14
-14
-13
-12
-15
-17
-13
-11
-10
-10
-11
-9
-9
-8
-8
-9
-9
-7
-6
-6
-3
-4
-4
-3
-5
-4
-7
-5
-7
-6
-6
-8
-9
-8
-9
-9
-10
-11
-12
-14
-10
-9
-10
-11
-10
-12
-10
-10
-12
-13
-11
-9
-9
-12
-12
-10
-8
-10
-11
-11
-11
-9
-10
-9
-9
-10
-10
-11
-12
-9
-7
-8
-7
-8
-8
-9
-10
-11
-12
-13
-12
-14
-12
-11
-13
-13
-14
-14
-12
-13
-17
-14
-13
-14
-16
-14
-12
-14
-15
-14
-15
-14
-14
-15
-14
-16
-13
-13
-14
-14
-14
-11
-11
-12
-16
-14
-10
-9
-9
-10
-10
-11
-10
-11
-10
-11
-9
-8
-8
-11
-12
-12
-10
-11
-10
-11
-8
-1
4
6
5
2
-7
-18
-24
-30
-30
-34
-41
-46
-38
-28
-24
-17
-8
-8
-10
-9
-6
-5
-1
-3
-1
-4
-5
-7
-7
-8
-10
-11
-12
-12
-13
-11
-11
-12
-12
-13
-13
-13
-15
-15
-14
-13
-12
-11
-11
-12
-13
-14
-14
-16
-14
-15
-13
-15
-15
-13
-17
-16
-14
-14
-13
-14
-12
-12
-14
-13
-13
-13
-12
-13
-11
-9
-9
-9
-11
-11
-9
-9
-7
-7
-7
-7
-7
-9
-9
-8
-10
-10
-10
-7
-8
-7
-8
-8
-9
-9
-10
-9
-9
-11
-13
-12
-12
-11
-12
-12
-11
-12
-13
-14
-14
-15
-15
-14
-14
-14
-14
-15
-15
-17
-14
-11
-15
-15
-13
-11
-13
-13
-12
-13
-14
-14
-10
-8
-10
-10
-11
-12
-15
-15
-14
-14
-15
-15
-12
-12
-8
-8
-1
3
2
0
-4
-12
-20
-25
-30
-30
-30
-38
-38
-33
-27
-19
-13
-8
-9
-12
-9
-6
-6
-7
-6
-6
-7
-10
-8
-10
-11
-11
-11
-13
-16
-13
-13
-16
-15
-14
-15
-14
-16
-17
-16
-16
-15
-15
-14
-13
-13
-13
-13
-13
-15
-15
-14
-13
-13
-15
-15
-15
-15
-14
-15
-16
-15
-13
-16
-17
-16
-16
-16
-16
-15
-15
-11
-12
-15
-15
-11
-12
-14
-12
-11
-10
-10
-12
-14
-12
-11
-12
-12
-12
-13
-15
-14
-15
-13
-12
-11
-9
-8
-9
-12
-11
-11
-11
-12
-11
-9
-11
-14
-11
-11
-12
-14
-14
-14
-15
-14
-16
-16
-15
-15
-14
-13
-15
-15
-12
-13
-13
-13
-13
-15
-14
-12
-12
-12
-12
-14
-12
-15
-14
-13
-13
-14
-15
-13
-11
-9
-12
-13
-10
-10
-9
-11
-11
-9
-9
-8
-8
-8
-8
-11
-11
-11
-11
-12
-14
-15
-15
-15
-15
-17
-17
-16
-15
-14
-18
-19
-18
-17
-16
-18
-15
-16
-18
-17
-16
-12
-9
-6
-5
-9
-12
-16
-22
-26
-23
-22
-21
-27
-33
-30
-24
-18
-9
-3
-3
-4
-4
-3
0
0
-1
-3
-3
-3
-4
-6
-7
-11
-15
-14
-17
-18
-15
-16
-19
-18
-18
-19
-19
-19
-19
-20
-18
-18
-19
-21
-21
-21
-18
-22
-22
-22
-21
-20
-21
-21
-18
-18
-19
-19
-20
-19
-17
-17
-16
-15
-15
-12
-10
-12
-12
-12
-12
-13
-12
-13
-10
-11
-12
-14
-11
-12
-12
-11
-13
-14
-14
-13
-14
-16
-16
-16
-18
-17
-17
-17
-13
-14
-15
-17
-17
-17
-14
-16
-18
-17
-16
-14
-15
-13
-13
-12
-12
-13
-14
-15
-13
-13
-13
-12
-11
-11
-11
-10
-11
-12
-12
-12
-11
-10
-12
-12
-12
-11
-13
-14
-16
-14
-11
-14
-14
-13
-14
-15
-14
-15
-18
-16
-16
-17
-16
-16
-17
-16
-13
-9
-5
-4
-6
-8
-12
-17
-21
-23
-18
-23
-30
-32
-27
-17
-10
-3
3
-1
-5
-6
-1
2
4
1
1
0
-1
-3
-6
-7
-9
-10
-12
-12
-14
-14
-13
-13
-13
-14
-15
-15
-16
-15
-15
-16
-18
-16
-17
-17
-17
-16
-15
-15
-18
-16
-14
-14
-15
-13
-13
-15
-12
-12
-12
-11
-10
-9
-10
-9
-9
-6
-6
-7
-7
-6
-6
-7
-5
-3
-3
-6
-8
-6
-8
-8
-8
-9
-11
-8
-8
-9
-11
-11
-11
-13
-14
-13
-14
-12
-12
-14
-12
-10
-13
-13
-10
-9
-10
-11
-12
-10
-9
-9
-11
-11
-10
-8
-7
-7
-10
-9
-8
-9
-8
-8
-6
-7
-9
-9
-7
-6
-8
-9
-7
-7
-10
-10
-7
-7
-10
-11
-10
-10
-7
-4
2
2
-4
-7
-14
-23
-25
-26
-24
-24
-31
-31
-27
-19
-10
-4
-1
-4
-5
-5
-4
1
2
1
-1
-1
-3
-4
-1
0
-4
-6
-6
-5
-10
-9
-6
-8
-8
-7
-8
-10
-10
-11
-11
-13
-12
-11
-11
-14
-11
-13
-17
-17
-16
-15
-15
-16
-14
-15
-15
-13
-10
-9
-9
-10
-9
-9
-9
-8
-10
-6
-7
-5
-3
0
-1
-3
-3
-5
-3
0
0
1
1
1
0
0
-1
1
-1
-3
-3
-1
-4
-3
-5
-7
-8
-6
-7
-8
-7
-11
-11
-10
-11
-13
-11
-11
-11
-11
-9
-7
-9
-9
-9
-10
-8
-7
-7
-7
-7
-6
-7
-7
-6
-4
-6
-6
-5
-6
-6
-6
-5
-6
-5
-5
-3
-3
-3
-3
-4
-3
-4
-5
-4
-4
-7
-8
-8
-10
-8
-9
-11
-12
-12
-11
-9
-10
-13
-12
-13
-11
-12
-12
-10
-10
-11
-10
-9
-8
-9
-11
-10
-9
-8
-8
-8
-6
-7
-6
-7
-9
-11
-8
-5
-4
-5
-5
-5
-3
-6
-5
-6
-5
-5
-1
6
11
12
10
7
-1
-11
-19
-24
-26
-30
-39
-39
-35
-28
-23
-12
-4
-4
-4
-1
2
4
3
2
2
-3
-1
-3
-1
-5
-5
-6
-9
-7
-7
-7
-7
-6
-7
-7
-7
-5
-5
-6
-6
-5
-4
-5
-3
-3
-5
-8
-7
-7
-6
-8
-9
-11
-11
-11
-11
-12
-11
-12
-11
-11
-9
-7
-8
-8
-8
-8
-7
-8
-6
-7
-7
-1
1
0
1
0
-3
0
-1
-4
0
-1
-4
-3
-1
-1
-3
-3
-4
-1
-3
0
0
1
1
2
0
1
1
0
-1
-3
-4
-5
-6
-5
-7
-8
-7
-6
-6
-6
-9
-9
-6
-6
-7
-8
-9
-7
-7
-8
-6
-6
-6
-4
-5
-4
-5
-6
-7
-6
-5
-3
-5
-5
-4
-4
-5
-5
-4
-3
-3
-5
-1
0
-4
-5
-3
2
6
11
12
8
5
-3
-14
-19
-22
-23
-27
-35
-38
-31
-24
-16
-8
-3
-5
-8
-6
0
3
1
2
1
1
0
-4
-4
-4
-5
-6
-7
-5
-6
-6
-6
-6
-8
-8
-8
-9
-8
-5
-5
-5
-6
-5
-6
-6
-6
-7
-7
-7
-7
-9
-11
-11
-9
-8
-9
-10
-11
-10
-9
-11
-12
-11
-10
-10
-11
-10
-11
-10
-8
-8
-7
-6
-6
-7
-5
-4
-5
-5
-6
-5
-7
-6
-5
-8
-8
-5
-5
-7
-5
-5
-7
-5
-5
-3
-4
-5
-6
-5
-6
-7
-8
-7
-8
-7
-7
-7
-9
-9
-6
-7
-9
-10
-10
-10
-10
-9
-10
-10
-8
-8
-12
-11
-12
-10
-9
-11
-12
-9
-9
-11
-9
-10
-10
-11
-8
-7
-7
-8
-8
-9
-10
-8
-7
-7
-8
-6
-6
-6
-6
-8
-10
-9
-7
-7
-8
-9
-9
-9
-8
-8
-10
-10
-11
-11
-12
-11
-11
-10
-11
-10
-11
-13
-12
-10
-10
-11
-11
-11
-13
-12
-12
-10
-9
-10
-10
-13
-11
-9
-9
-8
-7
-9
-8
-9
-9
-9
-10
-8
-7
-8
-10
-10
-11
-10
-9
-7
-6
-1
3
3
1
-3
-13
-20
-22
-22
-23
-32
-38
-36
-28
-24
-15
-7
-3
-3
-4
-4
1
3
1
-3
-5
-5
-5
-6
-7
-5
-8
-11
-11
-12
-12
-10
-11
-13
-13
-14
-14
-16
-16
-16
-17
-15
-15
-14
-15
-17
-16
-14
-17
-16
-14
-14
-15
-16
-17
-17
-16
-17
-15
-16
-16
-17
-15
-16
-16
-16
-17
-18
-17
-15
-14
-14
-16
-14
-15
-13
-11
-10
-12
-11
-11
-11
-11
-10
-11
-10
-11
-12
-14
-16
-13
-13
-11
-14
-14
-12
-11
-9
-8
-12
-10
-10
-11
-9
-9
-12
-12
-13
-14
-14
-12
-14
-13
-14
-14
-14
-16
-17
-16
-16
-17
-19
-17
-17
-17
-15
-14
-15
-17
-15
-16
-14
-14
-13
-13
-12
-12
-14
-13
-14
-16
-14
-14
-14
-16
-15
-15
-14
-12
-14
-14
-12
-11
-11
-12
-13
-14
-13
-14
-14
-15
-13
-16
-16
-15
-16
-16
-16
-16
-15
-13
-16
-16
-17
-17
-16
-14
-15
-14
-15
-15
-15
-14
-15
-15
-14
-15
-15
-16
-16
-14
-14
-14
-15
-15
-15
-14
-15
-14
-14
-14
-11
-13
-12
-13
-12
-12
-11
-11
-11
-11
-12
-10
-11
-10
-9
-11
-12
-11
-12
-12
-13
-12
-14
-14
-14
-16
-13
-13
-13
-14
-12
-12
-12
-12
-13
-12
-14
-14
-13
-11
-13
-13
-13
-16
-15
-9
-10
-13
-13
-12
-12
-14
-9
-8
-8
-5
1
3
3
0
-4
-10
-16
-16
-16
-15
-21
-29
-29
-25
-20
-15
-6
-3
-1
-5
-7
-5
-6
-5
-5
-7
-7
-6
-7
-9
-11
-13
-15
-14
-14
-16
-16
-18
-17
-14
-16
-18
-15
-15
-16
-13
-13
-13
-14
-12
-11
-12
-13
-10
-12
-12
-11
-11
-11
-12
-8
-10
-10
-11
-14
-13
-11
-13
-12
-12
-11
-12
-11
-10
-12
-11
-12
-11
-8
-10
-10
-11
-10
-9
-8
-7
-9
-11
-11
-11
-9
-9
-9
-10
-8
-7
-9
-8
-8
-6
-6
-8
-9
-7
-8
-6
-6
-6
-7
-8
-9
-6
-6
-6
-7
-8
-8
-7
-10
-9
-8
-8
-8
-11
-11
-11
-11
-11
-12
-10
-8
-9
-12
-12
-13
-13
-14
-14
-12
-13
-13
-11
-6
1
3
-1
-5
-11
-19
-22
-22
-18
-19
-25
-27
-22
-16
-7
1
5
4
2
-1
1
2
5
5
3
0
-1
0
-1
-4
-6
-9
-8
-8
-10
-10
-8
-9
-9
-8
-8
-11
-9
-11
-12
-11
-13
-9
-11
-11
-10
-10
-10
-10
-9
-9
-8
-7
-6
-9
-10
-7
-7
-5
-5
-6
-4
-3
-1
-1
-4
1
-1
0
1
0
1
1
0
2
1
-3
-1
-1
-1
-3
-4
-3
-3
-3
-1
-4
-7
-8
-7
-5
-8
-7
-8
-8
-7
-6
-5
-6
-5
-6
-5
-5
-6
-5
-4
-4
-4
-4
-3
-3
-3
-3
-1
1
-3
-1
1
0
-3
-1
0
-1
-4
-5
-4
0
-3
-5
-6
-6
-4
-5
-6
-5
-3
2
8
9
4
-1
-8
-16
-21
-22
-24
-21
-28
-32
-27
-20
-12
-4
0
0
1
1
1
4
6
4
6
7
5
2
4
3
4
4
1
1
0
2
0
-3
-5
-3
-3
-5
-5
-5
-6
-4
-5
-6
-6
-7
-8
-9
-9
-9
-9
-9
-8
-10
-10
-11
-13
-8
-6
-8
-6
-5
-4
-5
-6
-5
-3
-5
-5
-3
2
1
2
1
1
3
3
3
1
3
4
4
4
2
2
3
2
3
2
1
2
2
0
0
1
-3
-5
-6
-5
-7
-6
-6
-8
-8
-7
-7
-7
-7
-7
-6
-6
-7
-6
-6
-5
-6
-6
-6
-5
-6
-4
-4
-4
-5
-5
-5
-1
-4
-6
-4
0
-4
-5
-3
-1
1
0
0
0
-4
-3
-1
-3
0
-1
-3
-3
-5
-6
-6
-4
-6
-7
-8
-9
-9
-10
-9
-8
-7
-8
-8
-9
-9
-9
-9
-8
-8
-6
-5
-6
-5
-6
-8
-9
-8
-4
-5
-6
-3
-7
-8
-6
-3
-5
-6
-5
-4
-4
-1
2
-3
-7
-4
-5
-5
-4
-5
-5
-8
-6
-6
-8
-11
-12
-11
-10
-10
-12
-11
-11
-11
-11
-11
-12
-12
-12
-11
-11
-10
-9
-10
-9
-9
-10
-10
-9
-7
-7
-10
-9
-6
-7
-8
-9
-7
-6
-5
-3
5
9
9
6
2
-6
-11
-16
-16
-21
-29
-34
-28
-24
-20
-10
0
0
-3
-3
0
2
1
-3
-1
-1
-3
-4
-8
-9
-9
-11
-11
-11
-12
-14
-12
-11
-11
-12
-13
-12
-12
-12
-12
-12
-13
-11
-11
-11
-12
-12
-11
-8
-11
-11
-10
-7
-7
-9
-9
-9
-9
-7
-7
-8
-8
-8
-9
-12
-13
-12
-10
-11
-12
-9
-12
-11
-10
-9
-8
-8
-10
-9
-9
-8
-8
-9
-8
-8
-9
-9
-7
-6
-8
-10
-8
-7
-7
-8
-8
-10
-8
-9
-7
-7
-8
-7
-8
-8
-8
-7
-8
-8
-8
-8
-9
-10
-10
-7
-6
-8
-8
-10
-11
-10
-9
-10
-11
-13
-14
-14
-14
-14
-12
-13
-13
-13
-13
-14
-14
-15
-16
-11
-12
-7
-4
-3
-9
-11
-16
-21
-19
-16
-11
-14
-21
-24
-19
-11
-3
3
6
7
1
-1
0
3
2
4
2
-1
-5
-3
-5
-6
-9
-9
-10
-12
-13
-13
-12
-14
-13
-15
-13
-13
-15
-15
-13
-12
-14
-16
-14
-12
-14
-15
-15
-15
-14
-14
-15
-16
-15
-14
-13
-13
-15
-14
-10
-11
-13
-12
-11
-12
-11
-8
-6
-6
-8
-8
-9
-9
-9
-7
-4
-4
-4
-6
-6
-6
-8
-8
-8
-8
-9
-9
-9
-9
-11
-11
-10
-11
-10
-11
-10
-10
-10
-11
-12
-12
-8
-11
-11
-8
-10
-11
-8
-7
-7
-8
-8
-10
-10
-9
-9
-9
-11
-10
-12
-13
-11
-9
-9
-10
-9
-9
-11
-9
-9
-9
-9
-9
-11
-12
-8
-9
-10
-11
-11
-8
-10
-12
-12
-10
-10
-9
-11
-10
-11
-11
-10
-11
-9
-8
-10
-8
-8
-9
-9
-10
-8
-8
-5
-7
-8
-8
-8
-10
-9
-5
-7
-7
-7
-5
2
8
9
4
-1
-10
-15
-17
-16
-15
-19
-28
-29
-23
-18
-14
-4
1
0
-3
1
2
2
1
0
1
1
1
-3
-5
-7
-7
-7
-6
-7
-7
-5
-7
-8
-10
-8
-8
-8
-8
-9
-8
-9
-10
-8
-7
-7
-9
-9
-7
-6
-5
-6
-5
-6
-5
-6
-7
-6
-5
-5
-7
-7
-7
-7
-6
-5
-6
-8
-7
-3
-4
-5
-3
-4
-4
-1
-3
-4
-4
-3
-3
-4
-3
-3
-4
-4
-3
-4
-7
-5
-5
-4
-3
-5
-5
-3
-3
-4
-5
-5
-6
-4
-1
0
0
0
-1
-5
-5
-5
-3
-4
-3
-3
-6
-6
-3
-7
-6
-6
-6
-8
-8
-7
-7
-8
-9
-8
-7
-8
-7
-5
-5
-6
-8
-6
-5
-6
-6
-6
-8
-7
-7
-7
-8
-6
-5
-3
-1
-4
-6
-5
-3
-3
-3
-3
0
1
-3
-1
-1
0
-3
-1
-5
-4
-4
-3
-3
-5
-5
-5
-4
-6
-7
-6
-7
-8
-7
-6
-5
-4
-6
-7
-8
-8
-6
-4
-5
-6
-5
-4
-6
-6
-6
-8
-9
-7
-6
-5
-1
-1
-1
-1
-4
-3
-3
-3
-3
-1
2
7
14
15
15
11
6
-3
-13
-17
-16
-23
-33
-34
-27
-21
-16
-7
1
2
0
1
5
6
4
3
3
3
2
-3
-4
-4
-4
-6
-8
-10
-6
-7
-9
-6
-8
-8
-7
-7
-4
-5
-5
-3
-3
-5
-3
0
0
-3
-1
-1
-1
-1
-1
-4
-5
-3
-1
-3
-1
-3
-4
-1
-3
-3
-3
-5
-1
-1
-1
-1
1
1
2
1
1
1
0
1
1
2
2
3
3
2
1
1
3
3
1
1
1
2
1
2
2
1
2
2
4
2
3
2
1
2
1
2
2
2
2
0
1
0
-3
-1
-3
-3
-1
-3
-4
-5
-4
-1
-3
-3
-4
-4
-1
-4
-6
-6
-5
-7
-8
-5
-5
-5
-4
-4
-3
-4
-1
-3
-3
-3
-3
-1
0
-3
-5
-4
-3
2
1
1
3
2
0
1
0
0
1
1
3
3
6
12
15
14
9
4
-7
-14
-20
-21
-24
-33
-36
-31
-25
-17
-10
-4
-1
-1
1
1
5
7
7
5
5
5
2
3
3
2
2
0
0
-1
0
-1
1
0
-1
-1
-1
-3
-3
-1
0
-1
-3
-1
-3
-5
-6
-5
-4
-6
-5
-3
-5
-4
-6
-7
-7
-7
-7
-7
-5
-8
-8
-9
-7
-7
-7
-6
-4
-4
-3
-3
-3
-1
0
1
1
-1
0
1
1
0
0
-1
-1
2
2
1
2
2
2
2
1
2
0
-3
-3
-1
2
1
0
0
-1
-1
-4
-6
-5
-4
-3
-6
-6
-8
-7
-10
-11
-11
-8
-7
-8
-8
-9
-6
-5
-3
3
3
-1
-4
-12
-18
-20
-23
-22
-17
-18
-23
-22
-17
-7
3
7
9
8
5
6
9
10
10
10
10
9
8
6
4
-1
-3
-5
-5
-7
-7
-8
-9
-10
-12
-13
-12
-13
-14
-14
-14
-12
-10
-14
-15
-14
-14
-12
-13
-12
-13
-12
-13
-13
-10
-10
-10
-10
-10
-11
-10
-9
-10
-10
-7
-7
-7
-8
-8
-8
-5
-6
-5
-6
-5
-4
-5
-6
-6
-8
-7
-10
-10
-10
-13
-12
-13
-13
-13
-12
-14
-13
-13
-14
-12
-10
-12
-10
-11
-13
-10
-10
-11
-11
-11
-12
-11
-10
-9
-8
-9
-10
-10
-10
-10
-10
-10
-10
-9
-8
-8
-8
-7
-8
-9
-9
-8
-9
-8
-10
-12
-11
-9
-10
-12
-13
-13
-14
-13
-16
-15
-14
-16
-15
-15
-12
-5
-5
-8
-12
-15
-21
-25
-26
-24
-20
-25
-30
-27
-20
-10
-6
-1
-3
-3
-5
-4
-3
-3
-1
1
-1
0
-1
-1
-4
-5
-6
-7
-9
-12
-10
-12
-11
-13
-14
-16
-17
-17
-18
-16
-14
-17
-18
-19
-17
-17
-17
-19
-19
-19
-17
-18
-18
-18
-16
-15
-15
-17
-18
-14
-14
-13
-13
-13
-12
-10
-10
-12
-11
-9
-9
-8
-8
-7
-5
-4
-5
-5
-6
-4
-6
-7
-8
-8
-10
-9
-6
-7
-8
-11
-13
-10
-11
-12
-12
-13
-13
-11
-14
-14
-14
-13
-13
-13
-11
-11
-12
-12
-11
-13
-13
-13
-12
-10
-10
-12
-11
-10
-9
-11
-11
-10
-9
-9
-12
-9
-10
-7
-8
-9
-8
-9
-8
-7
-11
-11
-7
-8
-9
-9
-10
-13
-11
-13
-12
-12
-11
-10
-12
-13
-14
-14
-15
-13
-14
-15
-13
-14
-12
-11
-12
-12
-11
-10
-12
-11
-10
-12
-13
-12
-11
-11
-10
-4
-1
0
5
7
6
4
0
-8
-15
-16
-13
-12
-20
-29
-29
-23
-15
-10
-1
2
2
0
2
4
3
1
2
-3
-3
-1
0
0
-7
-7
-9
-10
-11
-12
-11
-9
-10
-10
-10
-9
-10
-10
-10
-10
-9
-10
-9
-9
-8
-11
-10
-9
-9
-9
-8
-7
-8
-7
-7
-7
-9
-9
-9
-9
-7
-7
-6
-6
-5
-5
-6
-7
-5
-4
-5
-6
-7
-5
-4
-3
-5
-6
-6
-3
-4
-6
-4
-4
-6
-6
-5
-3
-5
-4
-4
-7
-6
-3
-5
-4
-5
-3
-4
-6
-4
-6
-5
-3
-4
-5
-3
-5
-6
-4
-5
-5
-5
-4
-3
-4
-4
-4
-4
-6
-6
-7
-6
-7
-6
-8
-7
-8
-6
-9
-10
-7
-7
-7
-7
-9
-7
-6
-6
-6
-6
-6
-5
-5
-5
-5
-5
-5
-1
0
1
-3
-5
-3
-4
-3
-5
-6
-6
-4
-5
-1
-3
-1
-3
-3
-5
-5
-5
-4
-4
-4
-6
-6
-7
-8
-6
-7
-8
-8
-9
-8
-6
-7
-8
-7
-7
-5
-5
-5
-7
-7
-4
-3
-5
-5
-6
-3
-3
-4
-4
0
0
-1
0
0
0
-3
-4
0
4
7
13
17
17
14
8
0
-9
-12
-14
-21
-28
-36
-32
-25
-19
-11
-1
2
2
0
2
3
6
4
6
2
2
2
1
-1
-3
-5
-4
-3
-5
-5
-3
-3
-4
-4
-4
-4
-3
-1
-1
-5
-5
-4
-5
-6
-5
-5
-6
-1
0
-3
-1
1
1
1
1
2
1
-1
0
1
0
1
2
2
1
0
1
2
2
-1
1
1
2
2
3
2
2
3
2
2
3
5
5
3
3
3
3
4
3
0
2
2
2
2
0
-1
0
0
0
0
2
2
3
3
1
2
3
2
3
2
1
0
3
2
2
1
1
0
1
1
1
0
-3
-4
-5
-3
-1
-3
-4
-4
-1
-1
1
-3
-3
-1
0
0
0
0
2
1
-1
-3
-1
-3
-4
-3
-1
4
12
18
18
15
11
2
-6
-11
-13
-13
-22
-28
-25
-17
-10
-4
3
6
3
2
4
6
7
7
6
6
5
3
4
3
0
-1
-3
-5
-5
-4
-1
0
0
-1
-3
-4
-3
-4
-1
-3
-3
-3
-3
-4
-3
-1
-1
-3
-3
-1
0
1
3
2
1
-1
0
1
1
2
3
3
3
1
1
0
3
3
2
3
1
0
0
0
1
2
2
4
4
1
1
3
3
3
0
1
0
-1
1
1
1
-1
-3
0
1
4
3
2
2
0
3
2
3
2
2
4
6
5
5
4
2
3
2
2
3
4
4
3
1
0
-1
1
1
-1
-1
-3
-4
0
0
-1
0
-1
-1
-3
-4
0
0
-3
-4
-1
0
-3
-4
-4
-5
-4
-1
5
10
12
12
10
3
-8
-12
-14
-12
-13
-19
-23
-20
-12
-3
4
11
13
9
8
9
11
13
12
12
10
8
6
4
4
1
0
0
-3
-4
-4
-6
-5
-6
-5
-7
-7
-6
-6
-9
-10
-8
-8
-9
-9
-8
-7
-8
-7
-7
-7
-8
-7
-8
-8
-8
-8
-8
-6
-7
-8
-6
-5
-7
-6
-4
-4
-4
-4
-1
-5
-6
-4
-5
-6
-4
-4
-5
-3
-5
-6
-8
-8
-7
-7
-6
-7
-7
-8
-10
-9
-10
-7
-8
-8
-9
-6
-6
-6
-8
-8
-6
-4
-6
-7
-6
-3
-4
-4
-5
-6
-5
-3
-5
-6
-3
-1
-4
-4
-3
-4
-5
-4
-5
-4
-5
-5
-7
-8
-5
-9
-10
-6
-6
-6
1
3
-1
-7
-12
-20
-25
-25
-24
-19
-19
-25
-25
-22
-14
-6
0
0
0
-5
-1
-3
1
2
1
1
1
2
1
2
-1
-4
-4
-6
-7
-6
-9
-10
-8
-10
-11
-10
-9
-11
-13
-12
-12
-11
-10
-11
-11
-11
-13
-14
-14
-14
-14
-15
-14
-18
-14
-12
-13
-13
-14
-11
-9
-10
-10
-11
-11
-9
-8
-4
-5
-6
-6
-4
-5
-5
-3
-5
-3
-1
-3
-5
-4
-1
-1
-3
-6
-5
-5
-5
-7
-7
-7
-7
-9
-8
-7
-8
-7
-9
-12
-11
-11
-10
-12
-12
-13
-13
-11
-12
-13
-13
-12
-10
-11
-11
-11
-11
-10
-10
-9
-10
-11
-11
-10
-11
-9
-9
-11
-9
-10
-9
-8
-8
-8
-9
-10
-6
-6
-6
-8
-8
-8
-8
-8
-9
-11
-9
-10
-11
-11
-10
-10
-14
-16
-14
-12
-15
-14
-15
-13
-14
-12
-12
-13
-12
-8
-7
-1
4
5
1
-6
-14
-20
-21
-21
-17
-22
-30
-30
-24
-14
-8
-1
2
1
2
4
6
5
5
3
5
6
3
1
-1
-4
-6
-7
-10
-13
-13
-13
-13
-14
-15
-16
-15
-14
-15
-17
-16
-16
-18
-15
-15
-13
-13
-12
-14
-13
-13
-12
-11
-9
-10
-10
-11
-10
-7
-7
-8
-8
-8
-6
-5
-4
-4
-4
-1
0
-3
-3
1
1
1
1
0
1
-1
-4
-5
-7
-7
-7
-6
-8
-9
-9
-12
-10
-8
-9
-10
-9
-10
-11
-10
-9
-7
-8
-7
-6
-9
-9
-9
-7
-7
-9
-5
-4
-5
-5
-5
-5
-6
-5
-7
-9
-6
-3
0
-3
-3
-3
-4
-4
-3
-1
-4
-4
-6
-7
-7
-6
-7
-7
-7
-10
-11
-9
-8
-9
-8
-9
-10
-9
-8
-9
-9
-7
-8
-8
-6
-5
-6
-5
-6
-6
-6
-7
-7
-6
-4
-4
-3
-5
-5
-4
-5
-5
-4
-4
-3
0
0
2
4
12
15
16
13
7
-5
-14
-18
-23
-26
-28
-37
-40
-33
-27
-21
-11
-4
-3
-3
-3
1
1
1
-1
0
-1
0
2
0
-4
-7
-7
-6
-6
-5
-5
-4
-6
-6
-5
-5
-7
-7
-6
-5
-5
-3
-3
-3
-6
-4
-4
-4
-3
-4
-6
-5
-5
-6
-9
-7
-8
-8
-6
-7
-8
-7
-6
-5
-5
-4
-4
-1
-3
-3
0
0
-3
0
0
-1
1
3
2
2
1
1
0
1
2
0
2
2
1
1
1
0
3
3
4
3
5
4
3
1
2
3
-1
0
1
1
1
-1
-1
-3
-3
-4
-1
-1
-4
-3
-3
-1
-3
-6
-7
-5
-3
-3
-5
-4
-4
-3
-3
-3
-4
-4
-3
-3
-4
-4
-5
-3
0
-1
0
0
-1
1
1
0
2
2
3
1
3
3
1
-1
1
1
0
-3
0
-1
-1
-3
-4
-3
-1
-4
-4
-1
-4
-5
-5
-6
-6
-5
-5
-3
-4
-4
-4
-6
-4
-3
-4
-5
-5
-4
-4
0
0
-1
-1
-1
-1
0
-1
-1
-1
1
0
1
1
0
2
1
2
1
2
0
0
-1
-1
-3
0
6
11
13
12
9
3
-8
-14
-19
-21
-25
-34
-38
-34
-26
-18
-8
1
0
0
2
5
7
5
4
4
5
3
4
2
1
1
0
-1
-1
0
0
1
1
1
-1
0
1
0
-3
-1
-3
-4
-3
-3
-1
-1
-4
-4
-5
-7
-4
-6
-5
-5
-4
-4
-4
-6
-6
-5
-4
-6
-6
-3
-4
-1
-1
-4
-3
0
1
1
-1
1
3
3
2
3
2
2
4
6
4
2
4
4
3
1
2
1
3
3
2
1
1
1
0
0
2
3
2
1
1
1
-1
-3
-5
-4
-4
0
-3
-5
-3
-1
-3
-4
-3
-3
-4
-4
-3
-4
-3
-4
-4
-4
-3
-3
-1
0
0
-1
-1
0
0
-3
-3
-4
-1
-1
-1
-3
-1
0
-1
-1
-1
-1
1
1
0
0
-1
-3
-3
-4
-4
-1
-1
-1
-4
-6
-6
-6
-6
-6
-6
-5
-5
-6
-4
-5
-6
-7
-7
-7
-5
-3
5
9
8
6
3
-6
-13
-16
-16
-14
-20
-30
-27
-21
-15
-8
3
7
6
4
7
9
10
10
8
9
7
4
2
-1
-3
-5
-8
-9
-9
-9
-9
-9
-13
-12
-13
-13
-12
-12
-12
-12
-12
-12
-12
-11
-11
-14
-13
-12
-12
-10
-13
-11
-12
-12
-11
-13
-13
-13
-12
-11
-11
-11
-12
-11
-10
-10
-9
-6
-5
-7
-5
-3
-3
-3
-3
-5
-4
-5
-7
-6
-6
-7
-8
-6
-8
-9
-10
-11
-11
-9
-8
-8
-10
-11
-12
-12
-10
-11
-11
-10
-8
-8
-8
-10
-11
-10
-8
-11
-10
-11
-12
-11
-13
-14
-12
-12
-11
-9
-10
-11
-10
-10
-11
-11
-9
-8
-10
-9
-10
-12
-8
-9
-12
-12
-11
-11
-11
-12
-12
-12
-13
-13
-13
-12
-12
-12
-12
-15
-12
-11
-12
-10
-10
-12
-13
-12
-12
-12
-12
-13
-11
-12
-12
-12
-13
-13
-11
-11
-11
-11
-12
-10
-9
-9
-11
-11
-10
-10
-9
-8
-9
-10
-10
-10
-10
-7
-3
0
0
-4
-7
-15
-21
-25
-22
-20
-23
-32
-34
-27
-21
-18
-10
1
-3
-5
-6
-3
0
-1
-1
-6
-7
-6
-5
-9
-8
-7
-10
-10
-11
-13
-14
-12
-11
-9
-10
-13
-13
-11
-11
-12
-13
-12
-11
-11
-13
-12
-14
-14
-15
-14
-16
-18
-16
-16
-15
-16
-16
-16
-16
-17
-16
-15
-14
-12
-13
-15
-14
-15
-13
-14
-14
-13
-11
-10
-12
-9
-8
-9
-8
-8
-9
-8
-7
-6
-7
-9
-10
-7
-7
-6
-6
-6
-5
-7
-6
-8
-9
-7
-8
-7
-7
-7
-8
-10
-10
-11
-12
-10
-11
-11
-12
-12
-13
-11
-9
-10
-12
-12
-15
-14
-13
-14
-14
-11
-14
-16
-13
-11
-13
-11
-12
-13
-11
-13
-9
-9
-12
-10
-10
-8
-8
-8
-9
-9
-8
-10
-9
-8
-8
-9
-7
-6
-4
2
8
6
4
3
-8
-16
-23
-25
-28
-29
-38
-39
-34
-28
-19
-13
-8
-9
-9
-8
-6
-6
-7
-4
-3
-4
-5
-6
-6
-6
-7
-9
-9
-8
-8
-9
-8
-8
-9
-9
-10
-9
-8
-8
-9
-9
-8
-9
-9
-9
-9
-10
-12
-12
-10
-12
-10
-12
-10
-10
-12
-14
-14
-14
-12
-13
-13
-11
-10
-10
-10
-10
-11
-11
-9
-6
-5
-6
-4
-4
-5
-4
-5
-6
-4
-4
-5
-5
-6
-5
-4
-5
-6
-6
-4
-3
0
-3
-4
-5
-3
-6
-4
-3
-4
-4
-5
-6
-6
-7
-7
-5
-6
-6
-8
-9
-8
-8
-11
-14
-11
-10
-11
-11
-10
-10
-11
-9
-10
-10
-8
-8
-9
-8
-9
-7
-7
-8
-8
-8
-6
-8
-8
-9
-8
-7
-9
-7
-5
-6
-6
-5
-4
-3
-3
-6
-5
-5
-6
-6
-6
-6
-7
-6
-7
-8
-9
-9
-11
-11
-11
-11
-13
-11
-12
-9
-9
-11
-9
-8
-7
-8
-8
-8
-7
-8
-7
-5
-8
-8
-4
0
5
10
12
11
10
1
-7
-14
-15
-20
-26
-33
-31
-25
-19
-15
-3
6
4
2
3
6
6
6
3
1
2
0
-5
-5
-7
-10
-10
-12
-11
-10
-10
-12
-10
-12
-13
-9
-8
-9
-8
-9
-8
-9
-9
-7
-7
-7
-7
-7
-8
-7
-9
-7
-7
-4
-5
-4
-6
-3
-3
-3
-4
-3
-1
1
-1
0
2
-1
-4
-3
0
-3
-3
-4
-4
-5
-4
-6
-7
-5
-4
-3
-4
-3
-4
-4
-4
-5
-5
-5
-4
-3
-4
-3
-4
-4
-4
-3
-4
-4
-4
1
-1
-1
-1
-3
-3
0
-1
0
2
1
0
2
1
0
0
0
1
-1
0
-1
-1
-1
-6
-5
-7
-5
-6
-7
-8
-9
-7
-6
-9
-8
-8
-7
-6
