265
265
261
256
251
250
253
259
256
255
254
250
249
250
247
242
235
236
238
228
214
226
235
231
232
234
232
230
235
229
227
224
226
225
221
227
229
229
232
229
226
224
228
229
228
225
225
226
226
224
227
226
225
228
223
220
221
213
218
225
223
224
219
218
223
222
217
214
214
213
205
217
227
222
222
222
218
218
219
219
218
219
225
223
223
224
224
221
224
225
226
227
228
226
230
232
227
228
233
230
224
220
231
231
226
232
235
230
230
228
226
225
227
232
230
228
229
228
232
231
232
229
227
227
230
230
228
228
229
229
231
228
225
231
232
233
233
232
230
224
223
228
225
227
228
225
226
232
232
230
227
223
226
230
231
234
241
236
233
227
227
229
230
234
231
223
226
225
229
234
228
225
234
232
229
230
226
228
237
231
232
231
233
233
232
231
231
232
231
237
231
227
227
229
231
232
233
232
232
229
229
232
235
227
230
230
235
234
236
231
223
231
233
232
236
235
236
236
232
232
236
234
232
231
237
238
236
230
230
227
233
232
225
223
219
215
212
215
223
229
235
244
254
257
256
256
258
263
268
265
263
250
256
260
267
262
257
256
253
245
248
252
252
249
248
238
238
236
235
229
230
233
235
234
229
228
235
229
229
233
234
233
228
230
229
228
229
228
225
222
228
226
223
230
231
228
226
227
227
227
226
223
222
219
221
220
225
223
217
217
217
218
218
216
215
218
223
225
222
220
217
216
216
217
212
216
220
219
221
224
225
223
223
220
220
222
222
227
225
232
232
229
229
226
225
229
225
225
229
230
228
225
219
223
228
233
227
227
228
229
231
228
224
233
233
227
234
228
225
226
228
229
228
225
225
226
228
228
228
231
229
230
228
228
228
231
229
229
228
229
230
228
227
228
225
228
228
230
227
227
228
230
228
225
224
226
223
217
224
233
235
236
234
230
226
229
230
230
228
228
225
224
225
223
225
226
232
228
225
228
228
229
227
223
223
229
227
215
223
234
236
230
230
231
230
222
221
224
225
226
225
227
225
231
230
229
230
225
223
226
231
230
229
223
227
230
220
228
232
234
228
226
225
224
223
219
216
209
205
203
209
218
227
233
243
247
246
246
247
252
260
260
258
256
249
249
256
254
253
249
251
248
250
245
237
232
237
235
234
234
230
231
233
225
223
226
226
224
227
226
226
226
223
222
226
224
223
223
224
227
224
227
226
221
216
219
217
216
226
226
219
219
225
224
224
220
218
218
218
217
215
217
215
219
219
217
215
217
214
219
220
209
211
213
214
216
217
214
213
217
222
218
208
213
216
220
222
219
220
221
223
224
219
222
224
229
223
225
225
225
220
225
223
223
226
224
224
222
220
227
229
225
225
226
222
223
225
224
222
220
224
224
222
218
223
229
230
229
225
223
224
225
224
223
223
225
226
218
218
228
225
221
222
229
226
222
224
224
223
223
220
222
227
222
214
221
226
223
216
219
226
227
224
222
223
222
221
223
226
224
215
213
220
225
223
224
226
225
224
225
223
228
219
224
225
221
223
225
223
223
227
223
224
227
226
228
224
222
220
228
229
226
224
218
216
213
209
201
200
198
201
215
219
226
241
247
249
252
254
255
252
251
249
244
252
257
251
246
243
249
246
243
248
245
241
235
232
234
229
223
225
225
222
222
224
225
221
223
223
221
219
219
217
222
224
223
214
212
221
218
216
219
222
220
217
216
218
214
219
226
218
214
215
209
214
215
216
216
217
220
211
212
217
217
215
215
216
211
205
209
210
210
212
211
212
213
213
212
214
213
211
215
210
213
215
212
215
217
216
220
221
221
217
220
221
222
219
218
218
221
218
216
220
223
224
226
226
223
220
218
220
223
219
214
217
210
218
228
224
223
218
221
221
220
222
218
221
219
219
222
224
227
228
222
220
218
213
218
220
221
222
221
221
225
220
220
222
219
219
209
209
223
227
231
229
224
217
221
227
226
219
218
220
220
220
222
226
218
218
227
228
220
216
218
221
219
224
223
221
223
223
219
218
225
225
224
222
223
219
221
226
220
222
220
217
215
216
218
220
221
229
229
226
225
225
225
224
224
223
223
223
223
224
225
223
219
222
223
225
216
204
197
192
191
208
211
212
218
224
234
235
244
245
241
251
252
256
258
257
252
249
249
242
241
246
248
246
240
235
236
234
234
233
228
226
225
225
224
220
219
216
214
213
221
224
218
222
216
218
220
218
216
214
217
218
220
216
211
208
207
213
223
218
216
215
217
215
215
215
213
211
211
209
209
208
211
207
209
208
206
207
204
208
210
209
208
206
202
205
206
205
205
207
207
207
195
198
214
210
209
203
215
215
212
213
213
213
218
215
213
212
214
214
216
216
217
220
213
213
214
217
221
216
219
217
214
216
215
216
213
215
216
214
214
216
215
218
216
213
215
215
210
215
215
216
219
214
211
214
217
219
219
214
214
210
212
217
212
216
219
220
219
218
214
216
215
214
216
217
217
212
210
209
215
222
217
217
215
215
216
216
217
212
217
212
214
217
217
215
214
211
214
209
215
221
216
213
214
219
213
209
212
214
210
214
214
215
216
213
212
213
213
214
212
212
212
213
217
214
220
216
210
213
214
213
211
215
215
215
213
217
212
207
212
214
216
217
216
216
217
216
211
215
214
201
211
219
219
218
216
210
201
202
203
197
194
197
194
203
214
227
233
234
233
237
240
248
251
245
246
242
236
237
237
238
238
235
235
233
231
230
229
230
225
215
221
223
215
220
220
216
216
214
212
213
213
216
218
217
212
210
213
215
213
213
214
214
217
215
211
202
205
217
217
212
212
209
213
210
207
210
208
209
206
207
206
204
214
213
211
209
206
205
208
205
206
203
205
208
206
203
203
208
208
206
209
206
207
208
209
207
211
211
212
210
216
217
217
217
218
218
218
217
213
206
218
220
211
218
222
221
219
219
224
223
219
215
219
222
217
218
218
217
220
219
219
220
218
218
222
224
220
217
217
216
219
222
219
215
218
218
219
217
218
218
217
216
214
219
225
224
220
213
225
224
220
218
220
217
217
223
221
218
220
221
221
220
217
213
220
221
221
222
217
220
221
218
220
222
217
217
220
223
223
215
215
226
225
217
217
219
215
215
220
219
215
215
218
224
221
220
223
223
218
218
219
222
222
220
219
219
214
216
219
225
224
223
217
219
221
222
218
225
225
223
222
216
219
219
216
213
209
205
197
198
200
202
209
215
226
233
232
237
244
252
252
251
251
247
240
240
246
247
246
240
241
240
241
238
235
235
234
230
226
222
224
223
220
221
221
219
214
217
225
221
217
217
218
217
216
215
218
217
218
212
208
213
220
216
216
212
214
214
216
216
216
213
205
212
211
213
215
213
215
212
211
210
208
210
204
205
212
207
208
207
204
213
208
206
208
204
206
205
211
208
211
211
210
208
208
208
207
212
213
216
218
218
214
218
215
213
213
214
214
213
213
214
218
217
217
220
221
215
211
213
212
217
216
220
217
214
218
220
220
223
218
216
215
216
213
209
209
213
222
218
221
223
219
213
211
214
215
215
215
215
214
217
221
220
212
210
211
215
216
217
214
215
214
214
216
215
215
211
212
215
213
216
213
211
214
209
210
214
212
215
220
216
211
213
217
215
212
214
215
214
213
214
215
217
217
215
216
217
216
213
212
215
213
215
223
219
216
216
217
216
214
212
212
209
211
206
201
201
200
194
192
194
200
205
212
218
222
231
238
240
241
245
247
245
242
246
244
241
233
229
232
232
238
236
231
227
228
224
221
221
216
213
212
210
204
211
215
212
212
211
210
209
210
210
211
208
205
211
212
210
206
207
206
210
211
206
201
200
207
206
207
207
204
207
204
204
206
206
202
204
200
202
206
203
201
198
201
202
202
201
196
197
195
203
201
196
200
200
197
196
200
203
201
201
197
198
202
206
207
205
206
206
204
202
206
210
212
211
204
206
205
207
210
210
209
209
209
210
209
207
203
205
209
210
208
204
205
210
213
210
205
206
204
202
202
205
211
212
211
210
206
206
206
206
205
207
206
203
204
209
210
204
205
207
209
206
205
204
206
205
204
202
208
209
210
210
210
211
207
204
203
207
207
205
207
207
205
202
203
203
200
206
207
204
208
209
207
205
202
205
206
205
204
206
203
203
205
206
207
206
205
198
202
204
204
206
205
202
196
198
202
203
204
201
205
212
208
207
207
203
207
208
209
208
202
204
203
204
201
201
206
204
203
200
194
191
186
184
184
184
185
196
208
222
227
227
222
223
229
233
235
235
234
227
227
226
223
229
226
220
220
215
214
222
224
222
215
207
205
205
203
202
201
202
202
201
203
200
200
198
197
198
197
197
195
195
201
204
192
194
195
195
198
196
196
195
193
196
195
193
193
189
192
191
189
193
194
191
190
190
193
182
183
194
189
191
187
188
191
187
185
184
184
183
189
185
183
185
186
186
186
189
189
191
192
189
186
186
196
198
196
195
196
196
195
192
190
191
197
196
196
196
193
194
198
198
198
198
196
196
196
196
197
196
198
195
198
196
196
191
192
194
195
196
202
197
196
194
186
189
200
197
195
196
198
194
195
200
196
198
194
190
192
197
200
198
196
196
198
197
194
192
194
196
194
193
192
193
196
196
196
193
191
191
189
197
198
195
194
190
185
187
191
200
196
197
193
195
194
194
195
194
195
189
191
192
189
191
189
192
192
193
192
193
189
189
190
194
192
192
192
191
183
192
192
192
190
189
190
194
193
190
191
189
190
192
189
192
191
179
176
188
195
200
190
190
192
198
192
189
192
187
189
189
189
187
185
183
183
178
173
170
166
164
179
189
195
206
211
209
209
214
215
220
221
221
219
215
212
208
214
215
215
213
211
203
212
210
204
201
197
194
193
194
190
188
189
188
187
185
188
185
178
178
185
191
188
185
183
183
186
184
183
179
174
178
183
178
178
184
186
182
188
183
181
182
178
177
179
178
178
175
178
182
181
177
177
180
178
177
176
170
167
169
175
174
171
169
174
173
174
170
175
175
175
171
178
185
184
180
180
182
183
182
178
177
181
182
184
185
186
185
187
188
183
185
186
186
182
187
189
187
184
187
186
184
185
183
184
186
186
186
185
186
184
181
180
185
176
172
186
194
191
184
189
189
187
187
189
189
185
184
185
185
188
188
184
185
184
187
184
189
187
184
181
185
189
188
188
185
186
188
187
188
188
184
176
184
191
191
189
187
186
187
187
187
184
182
181
182
188
186
188
186
182
185
184
178
185
183
183
190
186
182
183
184
184
181
184
188
189
188
185
188
188
187
182
184
187
186
186
186
186
184
186
184
188
185
185
187
185
183
187
183
184
186
188
188
189
180
181
187
179
186
190
180
174
175
171
167
165
163
164
179
184
192
197
201
205
207
214
212
217
219
214
210
211
212
207
209
205
204
205
204
202
201
200
198
193
189
186
180
183
184
184
184
186
183
180
179
180
177
177
181
185
187
183
182
180
179
181
177
179
177
175
174
174
178
182
182
177
175
179
178
175
175
174
177
175
172
175
175
175
171
172
174
163
166
177
172
170
168
166
172
170
173
172
170
165
172
171
167
165
170
174
176
176
172
170
172
169
178
184
181
178
174
178
182
179
181
182
180
179
180
182
180
177
178
181
181
179
180
180
178
177
178
171
177
182
181
178
181
182
183
177
176
175
174
174
178
183
181
181
180
184
183
179
177
179
182
180
181
178
178
176
175
177
182
178
177
175
169
177
184
180
179
179
181
178
177
180
178
173
173
180
179
179
180
179
179
176
176
176
176
179
176
170
167
178
184
182
181
180
179
180
175
177
176
175
182
179
176
178
176
175
179
176
176
179
184
180
175
173
180
182
178
180
176
174
172
177
177
176
176
170
169
163
153
148
150
163
173
183
187
190
191
195
198
205
205
206
211
208
207
207
204
201
201
201
195
193
189
189
193
194
194
189
186
183
182
182
178
176
176
174
178
179
174
172
173
176
176
173
174
171
173
173
175
176
173
171
172
173
173
173
174
173
172
168
167
167
170
168
165
169
170
171
178
171
162
163
167
167
169
169
168
169
166
167
165
162
168
167
161
163
162
160
162
170
172
168
167
165
163
167
171
170
172
170
170
171
173
173
171
173
173
176
175
175
173
170
173
173
178
180
176
172
173
170
168
168
174
177
176
173
174
172
172
173
169
172
176
174
178
173
165
166
172
173
176
171
173
174
175
174
174
172
174
175
173
173
175
174
177
175
169
170
169
170
174
179
173
173
175
175
174
169
172
176
174
174
170
165
169
176
174
174
173
166
165
170
174
175
172
170
172
172
173
173
167
167
165
170
172
173
173
171
171
173
172
173
173
173
171
170
171
172
173
173
171
172
173
173
172
175
173
174
175
172
172
170
174
169
165
169
173
169
174
172
163
165
167
157
154
152
148
155
162
162
170
184
189
193
194
197
200
204
205
205
204
201
198
195
196
195
194
194
192
194
192
184
185
180
176
175
174
175
173
171
168
162
163
168
168
172
171
167
171
173
169
169
165
163
166
166
165
168
171
169
167
166
167
168
164
167
167
160
163
164
166
164
165
162
160
164
166
164
162
155
153
162
164
163
163
161
160
156
155
156
152
142
149
164
161
162
163
164
162
158
160
163
163
166
158
157
162
171
171
166
166
166
165
167
169
168
168
166
166
171
169
166
164
165
169
165
167
170
172
171
168
169
167
167
168
170
171
167
165
164
166
172
169
166
168
164
160
169
174
173
170
164
168
173
173
171
170
165
160
165
166
168
167
161
164
167
160
157
174
173
172
175
171
168
170
168
167
166
164
163
169
170
165
167
171
171
171
171
172
167
166
169
166
163
167
169
169
169
170
168
167
165
161
160
162
164
171
166
171
174
167
164
160
172
168
167
168
166
165
167
167
169
168
165
169
170
170
167
165
165
166
166
168
164
161
167
172
170
170
168
164
163
168
168
166
166
168
170
168
163
166
165
168
172
168
164
160
158
154
155
147
145
149
156
167
173
179
182
185
188
194
197
195
200
202
197
197
194
187
181
187
188
192
190
186
186
188
180
176
175
177
174
172
167
164
163
158
151
169
178
168
167
169
166
165
165
164
163
162
161
164
165
165
161
152
151
158
163
158
149
153
164
165
161
157
157
155
157
157
157
157
156
157
154
154
155
155
153
153
149
146
151
154
155
152
146
148
148
152
149
151
156
156
154
156
156
154
153
157
156
154
151
148
155
171
164
163
163
162
165
167
168
165
162
163
164
164
163
164
161
165
166
165
167
166
166
162
157
164
167
166
165
162
163
165
165
164
166
163
163
161
160
148
155
163
169
169
166
164
166
165
162
163
166
163
165
164
161
167
163
163
162
164
162
162
163
161
161
162
163
164
164
165
163
163
157
149
163
166
164
168
169
163
160
154
163
167
164
165
157
150
157
166
170
166
161
163
164
161
161
161
162
165
157
161
161
158
161
160
155
160
161
163
167
165
164
162
157
160
161
161
161
160
160
161
160
158
163
164
161
161
164
162
162
158
164
156
149
151
155
170
170
168
165
162
164
165
163
156
149
146
145
135
140
145
151
160
169
178
177
180
188
190
190
187
190
193
190
191
191
186
182
183
184
179
175
174
174
177
179
183
173
170
170
169
164
166
166
162
160
163
161
158
155
156
165
163
162
163
162
162
162
161
160
158
157
157
154
156
153
158
161
163
161
161
158
150
146
151
149
157
161
160
161
156
152
149
152
146
146
150
158
151
149
153
153
150
152
154
150
151
152
150
149
152
153
151
153
155
154
157
160
158
157
156
158
160
160
160
160
157
162
163
164
163
163
156
150
157
162
163
163
165
158
166
163
160
162
158
157
162
166
168
171
165
158
162
163
162
163
162
161
161
161
166
165
164
158
162
166
162
160
162
160
160
161
162
162
162
161
164
168
167
164
155
148
162
169
162
163
166
168
164
161
161
163
162
161
149
153
169
169
163
160
160
161
165
164
158
161
160
161
158
160
160
163
161
164
160
161
164
164
158
153
160
161
158
162
160
163
164
160
164
163
160
162
162
162
162
165
168
164
165
163
163
166
163
161
162
160
152
149
146
144
137
139
142
150
158
167
174
176
184
187
189
194
193
192
191
191
190
188
187
184
179
177
185
187
185
180
177
175
171
167
169
168
167
164
160
160
162
167
162
155
161
158
160
160
154
158
156
154
160
161
158
153
156
158
157
158
158
156
160
160
156
152
157
150
153
161
155
151
156
156
153
151
155
154
150
148
149
151
150
149
149
148
153
156
150
147
154
151
150
149
148
150
149
152
152
151
154
154
152
157
149
157
160
156
161
161
161
161
162
158
157
162
158
157
158
160
161
160
148
146
165
166
164
163
161
163
158
160
162
163
163
155
153
162
155
161
170
162
158
162
160
161
161
158
156
157
160
162
161
158
154
156
157
160
162
160
163
156
153
162
164
163
162
165
162
158
160
157
160
157
157
162
160
157
158
160
158
158
156
161
158
161
163
160
158
158
155
154
157
158
157
160
162
157
155
157
156
161
162
158
151
158
166
160
155
153
158
157
160
160
161
158
161
161
162
161
160
158
163
163
163
161
161
161
157
161
162
162
157
158
162
155
142
142
150
140
136
138
142
149
154
163
170
176
181
183
185
189
192
192
191
189
189
186
184
178
177
185
182
176
180
182
178
178
175
173
170
166
161
160
160
158
158
161
158
160
161
155
154
156
151
153
160
160
161
152
153
161
158
152
151
153
154
153
155
156
158
155
153
152
153
153
154
152
148
148
144
148
153
156
151
148
153
152
147
147
148
148
149
148
148
145
143
142
146
149
150
151
152
149
145
151
153
151
154
155
150
151
155
155
153
152
161
161
158
157
155
151
153
156
158
157
158
156
154
153
160
158
156
156
152
156
161
162
161
156
154
153
155
155
153
155
163
164
162
160
158
157
156
150
148
155
160
156
158
160
157
157
160
158
157
161
163
151
146
156
161
156
156
157
156
156
153
155
158
157
155
155
156
156
155
149
157
160
156
154
160
160
155
154
158
154
151
150
146
151
155
160
157
151
153
158
156
153
155
150
153
154
150
148
148
154
160
158
156
154
153
155
151
152
153
149
150
145
141
164
163
156
154
153
152
157
156
152
154
153
152
152
158
156
153
144
149
162
156
147
145
147
149
141
134
138
135
133
140
152
162
169
173
174
177
181
187
190
190
184
183
178
178
178
177
177
178
175
176
177
171
162
168
165
158
157
162
157
156
152
149
147
150
152
148
151
151
152
152
149
147
148
149
151
148
148
151
154
149
146
146
145
145
143
140
147
147
147
149
144
142
143
142
142
144
146
140
140
141
138
140
136
136
142
139
136
139
140
139
141
135
138
141
135
139
140
139
138
137
141
140
134
145
143
141
142
145
146
144
148
148
147
149
143
148
147
149
148
148
147
147
151
150
155
151
140
138
138
147
150
146
148
149
150
151
152
149
147
149
143
146
147
148
147
146
146
149
151
151
147
143
148
152
148
147
148
147
150
149
149
150
146
143
142
147
151
149
146
145
150
150
150
149
149
143
137
136
137
147
154
154
151
151
150
150
148
146
147
150
149
147
147
148
146
146
149
150
149
145
149
151
151
148
146
143
145
142
146
148
150
146
146
145
146
146
147
144
143
144
141
149
149
147
150
146
150
146
142
138
136
135
142
150
153
151
149
146
144
145
148
148
145
142
143
144
149
149
147
148
150
148
143
145
149
144
148
144
141
146
147
146
149
144
142
138
134
129
121
114
126
134
144
151
157
161
160
161
172
169
169
176
180
177
171
165
174
169
167
168
170
164
168
169
160
154
160
156
155
154
153
150
150
146
148
143
141
142
142
139
141
142
142
145
143
138
133
139
146
139
138
131
144
144
140
138
138
140
141
141
140
139
139
140
137
137
138
135
131
131
134
129
130
133
132
131
139
138
133
131
132
131
131
129
129
131
131
131
132
133
129
131
131
122
116
134
145
141
137
138
141
141
141
138
140
141
141
142
142
138
138
141
142
143
141
144
145
139
135
133
133
138
142
142
145
147
141
141
144
143
138
137
138
139
141
144
144
141
141
139
136
147
144
142
142
137
141
143
141
140
141
142
144
144
140
138
140
140
140
140
140
144
138
137
142
143
142
139
139
144
142
137
144
143
143
142
145
146
140
136
138
140
140
145
139
136
142
142
145
145
142
140
139
139
140
139
139
143
141
140
143
144
139
135
136
142
141
136
135
141
142
141
143
144
142
140
137
139
138
140
144
144
144
145
144
145
142
137
146
142
141
140
143
143
143
146
143
146
144
140
140
142
142
136
134
130
125
120
113
122
135
137
148
157
161
164
162
165
167
172
179
173
175
172
172
169
169
165
158
160
163
165
164
161
158
155
148
148
149
148
144
143
145
143
137
139
142
142
141
143
145
140
137
138
138
142
142
139
137
140
134
136
143
144
142
136
136
138
139
141
141
135
135
135
136
135
134
135
137
135
131
132
133
133
135
133
132
125
125
121
127
140
137
133
133
133
133
133
134
132
122
122
133
135
130
136
143
139
139
137
140
139
139
142
146
143
144
143
140
142
143
142
143
146
140
137
146
143
142
141
138
136
146
152
144
140
143
146
145
143
146
145
141
140
139
143
144
141
146
149
150
142
138
141
141
140
142
143
143
145
148
146
144
146
145
142
143
143
140
143
145
145
144
143
145
143
143
141
131
125
134
147
151
149
146
144
142
144
146
146
148
146
143
146
146
148
145
140
142
144
137
128
141
149
149
144
147
147
143
143
144
145
149
148
144
142
143
148
154
153
151
145
146
141
134
139
141
138
138
135
127
121
123
131
133
138
152
162
163
168
162
165
177
174
179
183
178
177
172
171
166
168
167
164
158
156
165
153
155
163
157
157
154
147
145
145
145
142
141
144
146
150
146
145
139
137
140
140
137
141
142
140
143
142
137
138
138
145
142
136
138
144
143
139
142
143
142
138
133
134
135
137
138
137
133
141
143
137
137
134
132
131
136
139
137
135
135
134
135
132
133
125
129
131
140
141
139
136
138
136
135
149
148
140
140
140
139
146
143
142
146
148
144
145
150
139
142
146
144
144
146
145
145
147
154
150
145
146
150
158
151
144
152
145
150
158
153
154
154
158
160
153
154
161
157
156
154
158
160
162
158
169
170
166
160
168
165
165
171
165
172
169
172
170
167
172
174
174
173
171
169
172
172
166
177
183
182
178
173
180
187
180
180
187
190
184
194
191
195
193
187
190
200
198
194
192
194
200
205
196
185
191
209
209
211
206
193
197
203
201
192
201
208
206
207
205
203
205
209
207
202
200
207
213
203
214
213
212
209
211
212
211
215
209
202
198
204
197
197
205
192
181
194
196
198
211
220
231
232
230
229
234
238
247
251
250
243
232
237
242
236
230
231
234
227
230
235
228
225
227
227
220
206
200
210
214
214
217
206
206
205
210
210
203
204
205
211
209
205
212
201
203
209
210
207
208
208
202
197
194
206
206
200
200
203
204
198
195
187
188
203
202
200
198
197
194
190
193
198
193
193
193
191
189
185
183
186
194
188
187
197
196
196
193
185
191
196
193
191
196
203
195
192
191
200
212
211
210
212
204
213
223
215
217
216
218
225
228
224
228
224
222
228
227
227
229
236
230
229
225
230
240
231
226
229
228
231
229
225
227
231
227
223
222
233
231
232
227
226
224
227
222
224
230
224
223
221
223
229
230
219
214
226
226
227
226
221
219
218
219
220
222
223
218
214
214
218
221
222
222
220
218
215
212
210
209
190
212
225
221
223
218
213
214
211
214
209
211
211
215
209
205
205
208
202
204
205
211
208
200
197
203
200
206
200
207
210
201
201
204
189
191
204
197
196
205
204
201
202
193
192
205
202
202
195
193
202
205
192
197
200
200
200
203
200
189
196
204
206
196
194
193
180
182
181
178
176
186
188
201
208
209
212
223
224
220
223
228
230
230
230
225
221
217
215
221
219
217
214
218
217
209
207
212
205
204
198
196
195
194
188
186
193
196
197
194
179
174
190
201
198
190
184
187
187
184
190
189
185
183
180
181
183
189
182
179
188
185
181
176
176
183
189
183
176
182
180
171
174
168
177
185
181
177
177
175
170
171
172
177
169
172
175
174
176
172
173
174
173
179
177
177
176
174
177
180
177
175
182
184
183
181
175
178
184
188
182
173
181
182
180
181
190
186
181
182
177
182
180
178
187
181
173
181
183
179
181
173
176
185
179
178
182
183
182
182
180
176
172
175
183
182
178
181
184
180
179
182
184
183
179
171
160
160
177
181
182
188
183
182
180
179
178
178
179
174
176
179
178
175
170
170
168
176
178
179
181
176
172
175
174
175
175
173
175
172
172
173
169
172
178
175
176
170
170
172
173
171
170
168
166
169
170
172
171
175
173
172
166
165
172
167
163
169
169
163
162
167
175
171
169
173
167
161
166
172
169
165
165
165
168
166
160
155
149
145
141
145
149
150
156
161
172
180
183
181
182
189
195
195
195
192
190
192
184
179
179
177
176
187
184
178
175
177
175
166
158
160
164
158
156
156
162
157
160
155
151
151
160
157
153
153
153
154
155
153
153
150
144
150
145
151
152
154
154
152
150
148
148
147
148
146
148
146
148
148
143
146
148
143
136
134
143
142
142
143
145
146
141
135
129
138
143
140
137
141
139
138
143
142
139
142
138
139
134
145
152
149
150
147
149
148
145
149
154
147
149
149
147
147
150
149
150
151
150
142
152
151
143
145
149
148
143
140
149
150
150
149
151
150
153
150
144
142
145
152
149
150
149
149
151
148
146
146
150
155
151
142
141
141
141
147
148
146
144
144
144
145
142
137
143
145
147
149
142
143
142
141
135
144
140
134
140
148
148
142
141
150
151
142
134
129
125
134
146
148
149
148
148
148
142
138
139
138
136
132
133
138
143
146
145
140
143
142
146
140
141
140
140
146
144
139
140
144
141
118
123
136
148
145
141
135
138
132
124
122
121
120
127
137
150
151
156
154
153
156
168
172
171
171
170
169
162
165
167
169
164
160
163
161
154
155
157
147
146
145
143
143
139
138
138
143
137
125
131
140
139
140
138
135
139
136
135
132
132
133
139
135
133
136
138
135
132
132
134
130
127
129
133
136
134
131
132
134
130
127
122
114
123
130
133
133
131
128
127
128
128
125
123
125
124
125
125
127
127
123
116
115
126
121
128
123
122
137
142
137
138
132
133
134
133
135
136
134
131
130
131
139
141
133
130
134
133
135
134
135
132
133
134
133
133
131
133
136
137
132
132
134
136
131
128
133
133
125
131
138
139
133
135
141
135
133
134
133
131
133
131
132
133
134
132
134
140
137
132
136
135
130
132
136
134
132
132
131
134
135
135
131
132
128
126
135
136
135
131
130
120
122
141
140
131
134
135
131
133
134
134
133
131
129
129
126
129
136
135
135
138
134
131
123
129
133
135
130
124
128
135
135
135
135
136
136
131
134
133
128
133
139
135
131
135
137
136
130
133
132
129
130
131
126
125
120
120
112
113
116
114
126
142
153
156
156
157
155
158
162
165
165
162
168
166
162
157
154
157
157
157
157
152
151
145
140
139
142
138
139
135
130
132
135
132
125
121
126
129
129
131
134
124
120
126
129
124
135
136
129
127
129
128
122
124
124
125
130
127
126
125
130
129
123
120
121
122
118
116
116
122
121
117
116
118
116
113
115
113
114
122
121
116
122
116
113
115
109
114
118
113
121
124
120
122
124
128
126
125
126
129
130
124
125
125
127
130
130
129
125
129
129
131
130
129
123
128
127
129
130
130
131
129
128
128
131
126
122
118
127
130
125
122
132
137
134
130
127
123
123
126
138
139
133
129
128
126
130
128
125
127
127
126
132
134
132
129
128
128
132
132
127
125
126
127
127
127
131
130
131
133
129
124
120
111
128
133
130
127
135
134
129
129
126
127
125
129
131
126
129
132
128
130
129
126
122
121
127
128
128
124
125
124
129
128
128
126
123
122
128
126
121
128
126
128
129
127
128
129
125
122
123
127
128
124
124
128
131
128
120
127
127
129
126
125
130
132
127
124
127
130
128
126
126
125
121
114
113
112
105
102
108
113
120
127
139
147
147
142
147
151
153
151
155
153
150
146
148
150
151
146
139
141
147
150
139
134
139
145
139
134
131
127
124
124
115
111
128
129
125
125
123
120
120
118
123
127
123
123
120
121
122
118
114
123
124
120
120
113
114
123
122
117
113
115
115
121
118
115
117
116
113
114
117
114
110
112
113
114
108
106
109
110
112
116
111
104
108
117
112
110
111
114
111
114
118
118
117
113
113
118
116
115
117
115
121
128
131
126
123
120
116
118
124
126
124
114
122
126
129
125
121
122
123
123
125
127
118
117
121
123
122
123
122
123
126
124
122
123
123
118
123
127
128
123
117
113
112
124
127
127
121
126
127
127
125
125
125
125
121
120
125
123
116
120
126
129
122
115
122
125
124
126
125
121
117
121
124
123
127
126
128
126
122
122
122
118
120
123
124
121
120
120
123
126
125
125
124
124
125
121
122
123
123
123
121
118
116
124
126
124
127
126
124
121
122
124
127
124
123
129
125
127
126
126
126
125
118
117
122
117
113
110
108
104
104
107
112
117
127
134
138
142
145
141
144
161
160
156
157
155
146
147
146
143
140
147
147
140
136
140
141
141
140
131
130
128
124
122
120
125
127
123
124
124
124
124
125
123
117
117
123
124
124
121
124
123
122
123
122
124
121
122
117
120
121
121
121
117
118
121
116
117
111
112
115
118
121
113
120
127
114
116
121
120
115
111
108
113
122
117
112
112
114
122
117
115
113
121
115
115
122
125
121
125
123
122
127
127
126
125
127
124
118
123
127
122
124
130
133
127
124
124
127
125
124
126
124
123
131
130
130
128
126
126
126
120
124
130
128
118
125
133
131
132
129
130
128
125
127
124
122
126
122
127
122
132
138
132
131
132
130
130
132
130
129
122
120
123
121
122
128
133
128
126
123
126
128
130
127
127
127
129
131
130
127
130
127
111
115
133
133
128
130
128
129
129
128
129
129
128
127
128
131
129
127
128
131
130
129
129
127
129
127
118
127
132
131
134
133
131
129
123
121
123
118
113
105
108
108
107
111
125
143
146
147
148
152
154
160
160
157
156
157
158
156
153
150
150
152
148
146
146
140
141
143
139
136
135
134
133
135
131
128
130
129
126
128
121
113
124
130
134
131
126
125
125
125
126
127
126
127
125
122
118
120
122
123
122
125
125
129
122
123
121
120
117
117
121
118
118
115
122
120
121
122
122
116
115
124
120
114
116
115
115
114
118
116
115
116
116
116
121
124
122
121
116
122
118
122
131
126
128
130
127
126
121
123
131
127
130
131
130
130
126
117
112
128
135
133
132
131
128
126
127
121
123
131
131
130
127
123
115
133
134
131
127
127
123
127
129
128
129
126
127
132
129
127
124
127
126
125
125
125
125
130
130
129
122
122
130
129
128
128
127
126
128
125
127
124
129
128
128
129
128
129
129
128
127
122
122
126
126
126
126
124
125
121
121
124
125
127
126
125
127
125
120
123
126
126
126
125
123
117
113
123
129
128
123
129
130
132
126
129
130
127
123
126
123
116
120
118
128
132
132
128
126
127
126
125
128
125
117
124
127
125
112
113
107
99
104
114
121
122
134
146
143
143
150
151
157
157
155
158
155
148
144
144
155
150
143
143
151
147
142
142
142
138
133
131
128
131
126
126
128
116
121
126
125
129
127
121
124
117
107
124
124
121
123
122
118
118
117
115
123
122
122
121
107
112
121
120
120
116
114
114
111
113
113
113
118
120
112
112
113
110
111
115
102
100
111
111
113
106
106
107
105
111
113
115
110
107
108
114
117
113
114
114
113
115
114
115
118
120
120
116
118
121
116
118
121
122
126
125
125
126
120
117
113
121
124
125
120
123
126
123
123
120
109
112
126
125
120
120
123
122
123
124
123
121
120
117
123
124
124
122
120
121
121
121
122
124
122
117
122
121
122
113
114
121
123
121
117
120
123
120
124
127
124
125
125
121
121
122
113
118
120
129
130
128
122
121
124
124
125
126
127
117
116
120
118
120
120
126
127
123
118
112
121
123
116
115
118
123
128
127
126
123
123
120
121
120
118
121
123
126
126
125
122
123
125
124
117
122
122
117
122
116
128
130
129
127
116
116
121
127
127
124
120
117
120
113
112
108
104
101
102
110
116
124
131
137
142
146
147
150
152
155
153
150
149
148
144
143
144
143
143
146
137
137
138
138
137
135
130
126
124
117
122
122
114
115
127
131
126
124
122
116
116
117
122
118
116
126
121
118
121
121
118
118
118
122
120
115
116
114
113
114
114
113
116
121
116
116
112
110
108
113
114
110
114
112
114
113
105
107
115
112
112
113
111
111
113
114
110
105
111
116
114
111
113
111
115
121
123
120
117
120
121
115
118
123
123
120
118
117
122
120
120
123
118
120
129
126
122
122
123
125
123
123
122
122
120
121
122
121
121
117
118
116
116
126
124
126
126
123
125
126
120
121
121
121
120
121
121
123
125
125
121
118
124
121
118
127
114
121
125
123
122
117
117
122
126
126
122
117
122
122
121
112
118
132
112
112
127
128
124
122
121
123
126
124
120
120
122
122
116
118
121
118
116
120
117
122
124
123
124
122
120
123
117
120
128
127
125
126
127
121
113
118
124
123
122
122
122
121
115
110
106
102
102
95
92
107
120
130
137
145
149
151
151
149
150
153
152
148
147
146
145
142
147
146
139
132
131
143
141
136
132
132
128
128
122
118
118
123
125
122
122
123
117
116
114
116
113
120
121
115
115
114
113
111
118
121
120
120
113
113
115
122
117
112
110
112
115
112
109
113
117
113
110
