173
186
186
177
162
144
124
106
88
71
60
60
64
73
82
89
94
97
100
103
110
112
114
114
110
114
116
116
116
120
118
125
126
130
134
136
133
133
133
134
136
139
137
135
136
140
139
137
138
142
142
138
139
140
139
141
141
143
145
143
145
145
145
145
144
146
147
146
146
150
151
151
151
151
153
153
153
153
156
157
157
161
162
158
156
156
162
162
160
160
158
161
161
157
155
156
156
154
153
152
150
148
145
144
146
144
142
141
139
139
139
140
141
139
138
139
138
137
138
137
140
136
139
137
140
139
138
138
136
139
139
141
138
139
138
137
138
140
139
137
138
140
135
136
140
137
140
136
137
139
137
140
138
139
139
137
134
136
139
140
138
140
139
138
140
140
136
138
136
137
139
139
139
138
139
140
139
136
136
131
138
140
142
143
141
141
140
143
145
144
145
147
146
144
142
145
146
144
141
143
144
144
141
139
138
137
133
133
137
136
135
135
136
134
135
135
137
135
134
132
128
132
135
134
132
135
134
135
136
136
132
131
134
133
137
138
133
135
134
137
145
157
170
178
182
180
167
149
134
120
100
81
70
69
71
74
82
92
97
103
105
107
112
117
120
118
116
115
117
118
120
120
117
118
124
127
127
131
133
133
133
134
135
132
132
136
138
136
135
133
134
137
135
134
136
136
134
134
137
139
138
138
137
135
135
139
143
142
142
144
139
139
139
142
142
147
146
145
145
148
148
147
148
150
146
149
151
149
150
152
153
154
150
148
146
150
151
150
146
146
143
140
139
136
135
133
134
132
133
131
130
129
128
123
122
129
131
125
122
123
125
129
125
125
126
125
125
127
120
121
121
124
125
121
121
123
121
121
120
120
120
118
117
116
116
122
117
118
118
118
118
118
118
114
115
113
113
120
115
114
113
116
116
115
116
114
113
115
115
114
113
114
112
112
112
117
115
110
109
114
114
111
113
114
112
112
111
114
111
106
111
112
111
112
111
112
110
112
115
115
114
114
115
114
116
118
117
112
113
113
114
117
113
111
113
116
115
112
110
109
107
108
105
104
107
105
106
105
104
102
102
100
98
98
101
100
97
99
100
100
100
100
104
103
103
103
102
101
100
101
102
100
106
112
125
139
142
143
139
123
104
88
77
64
50
43
45
53
52
57
64
68
73
81
83
86
87
88
87
86
86
82
85
87
88
88
90
89
92
95
98
100
100
99
97
99
102
101
102
103
103
105
105
103
100
103
102
103
103
101
102
104
108
106
105
106
108
105
105
110
110
109
111
111
109
113
115
114
114
114
117
116
118
117
116
120
121
121
123
122
121
122
126
127
122
121
125
125
124
122
121
118
116
117
117
116
113
106
105
109
110
108
107
105
105
109
105
108
106
105
104
104
104
104
103
103
104
104
106
104
103
103
103
103
104
106
104
105
104
104
105
106
105
105
104
105
102
98
99
105
107
107
106
105
102
103
104
103
105
107
106
104
105
104
104
102
105
105
105
107
104
103
102
100
102
106
104
104
105
109
107
105
105
108
107
107
107
111
109
107
110
113
114
115
115
113
114
113
110
109
110
110
112
111
111
112
108
105
107
104
104
103
103
103
105
106
107
106
105
104
102
102
100
99
101
102
107
106
105
105
105
103
101
104
107
104
104
105
108
107
107
112
118
130
145
158
165
164
147
126
104
87
66
51
36
33
40
46
54
66
71
74
78
81
87
91
92
87
89
91
96
92
93
96
97
98
100
102
105
108
104
105
111
112
113
112
114
117
116
114
114
113
111
113
115
115
118
117
115
115
116
120
118
118
121
120
120
121
120
122
120
125
129
128
128
128
128
129
129
129
129
129
133
134
133
133
135
137
137
137
131
130
133
138
140
143
140
142
136
135
135
131
130
131
128
125
125
126
121
117
118
117
117
116
114
116
117
120
116
112
116
113
117
115
114
114
114
115
117
117
115
113
114
114
118
113
110
112
113
117
113
113
114
116
116
114
112
113
114
114
116
114
116
114
114
115
114
113
113
113
115
114
112
114
113
112
113
112
114
116
117
115
114
112
115
115
121
122
120
120
121
122
122
121
123
121
121
121
116
117
116
117
115
109
109
107
109
111
112
114
114
111
112
113
111
111
110
106
105
106
109
109
110
108
109
111
108
109
109
108
109
109
111
110
110
109
111
113
116
124
137
146
157
163
162
151
134
110
94
73
51
42
42
44
48
58
66
70
72
75
84
90
93
98
98
95
96
95
95
100
99
95
97
104
109
112
114
111
112
114
113
114
114
115
118
116
114
116
117
116
120
120
115
118
121
120
121
121
121
118
120
122
123
122
122
126
126
125
123
124
128
129
128
127
130
132
131
132
134
132
132
137
137
136
136
136
138
138
136
140
138
136
135
137
136
133
133
135
129
128
131
125
124
126
123
121
121
121
121
120
118
115
114
116
115
114
114
114
115
115
113
112
110
111
113
115
114
115
112
112
114
116
114
112
113
111
114
113
112
113
113
114
110
112
114
113
113
111
112
111
113
110
109
111
109
109
110
110
110
109
110
108
107
110
113
112
106
108
108
110
110
110
108
110
109
109
106
106
107
107
106
108
109
110
108
105
108
107
105
105
109
110
112
108
109
109
110
112
112
113
115
114
114
115
113
112
111
110
112
112
109
108
105
106
107
105
102
101
103
104
104
100
101
100
100
102
99
98
100
100
97
96
98
97
98
98
99
100
100
98
97
100
100
99
101
100
98
96
101
107
113
126
134
142
143
135
121
104
89
75
58
42
38
43
46
47
57
62
67
70
75
81
85
88
87
86
86
82
85
88
85
84
86
88
87
94
95
98
98
99
100
100
98
97
101
103
102
100
101
101
103
101
100
99
101
102
102
103
106
108
101
99
103
106
104
102
104
103
104
107
107
108
109
109
109
111
112
113
114
110
110
112
113
117
117
116
117
116
115
116
116
121
117
115
117
112
110
109
111
112
109
109
108
106
100
99
99
101
100
99
101
98
91
92
96
97
96
92
93
96
95
93
91
94
97
94
90
94
93
93
92
90
91
90
92
93
94
90
92
90
88
89
89
89
86
89
90
88
86
88
88
88
89
88
85
86
86
86
88
89
89
87
83
86
88
86
84
83
84
85
83
85
85
84
87
83
85
83
82
84
85
86
85
83
83
88
87
78
84
85
80
82
84
85
82
83
81
85
86
85
85
87
88
89
87
81
83
84
87
93
92
89
90
90
87
89
87
84
85
85
83
82
77
80
78
78
77
76
77
81
78
74
72
73
76
78
77
77
77
73
74
74
75
77
77
76
77
77
75
74
76
76
80
76
77
82
86
99
110
120
127
126
111
93
75
58
45
30
18
17
21
23
32
40
47
49
50
55
61
63
64
63
64
64
61
61
63
65
64
65
67
67
70
76
78
78
78
77
78
77
82
84
84
82
84
83
83
82
82
84
85
81
83
87
86
87
87
87
87
88
90
89
88
90
90
91
90
93
92
92
95
95
96
96
98
97
96
100
102
102
103
102
104
105
104
104
106
105
107
105
102
102
104
107
104
102
98
97
97
94
96
95
93
94
92
88
87
85
88
86
86
85
87
90
89
86
82
83
83
85
84
85
85
83
85
86
86
84
83
87
85
83
86
86
86
85
84
82
85
85
84
83
83
86
85
83
84
88
85
84
88
84
81
83
83
84
86
86
84
86
85
85
87
84
83
84
84
85
83
86
85
84
84
84
86
86
86
86
85
88
92
91
92
95
94
94
96
93
92
92
89
91
92
90
91
87
85
85
82
81
84
84
82
85
84
82
84
82
84
83
81
81
81
80
81
83
82
83
84
82
84
84
83
84
83
82
83
81
82
84
82
84
91
103
116
129
135
135
131
118
97
74
58
40
22
14
14
21
26
34
42
44
47
52
59
66
63
64
64
66
68
67
68
71
74
73
75
80
80
81
86
85
85
86
88
91
92
90
91
89
87
89
91
91
91
93
93
94
93
94
93
91
90
91
95
95
99
98
97
99
96
96
98
98
101
103
105
105
105
106
106
104
106
108
109
110
110
113
111
111
112
113
112
114
113
113
110
113
114
109
107
106
103
105
105
102
100
100
101
99
97
93
95
96
93
93
92
93
94
95
91
89
91
90
91
93
92
89
90
91
92
89
88
91
92
91
89
90
89
88
91
93
93
94
92
88
88
90
89
89
89
90
92
90
88
90
90
89
89
91
90
91
89
88
89
89
87
86
87
89
91
90
89
91
93
87
85
89
90
90
92
92
94
94
95
98
97
94
95
97
98
98
94
94
95
95
93
94
92
91
91
89
87
82
86
86
89
89
87
90
86
84
85
85
84
85
85
85
84
85
84
84
87
85
86
86
85
85
85
86
87
85
86
85
84
90
96
104
116
125
135
140
133
121
102
80
59
44
25
20
20
20
28
35
43
46
46
55
63
67
71
71
65
66
69
71
71
73
74
73
77
81
84
88
89
88
88
92
93
92
92
92
93
93
93
92
91
93
94
94
93
96
97
96
94
95
94
93
98
98
98
99
98
99
102
101
98
100
103
107
107
104
106
107
108
110
110
108
107
112
115
115
114
113
115
116
116
111
114
115
115
114
113
110
111
111
109
108
106
105
102
100
97
97
99
99
96
96
96
96
94
92
93
93
95
91
90
92
92
93
93
90
89
90
93
93
91
91
93
90
91
92
92
91
94
93
90
89
91
90
89
89
91
91
92
93
91
89
89
92
91
90
87
90
91
88
89
89
87
87
91
90
88
88
91
93
91
87
88
85
89
91
90
86
89
93
87
85
86
85
91
94
90
91
89
89
92
93
95
94
94
96
96
96
96
94
94
96
93
90
91
91
87
89
89
86
84
86
86
83
84
88
82
82
84
84
82
83
81
83
81
82
80
81
81
82
80
81
82
85
83
83
82
81
82
83
85
86
87
92
102
113
121
126
124
108
90
75
63
46
30
21
23
25
30
38
48
49
50
55
58
64
66
71
70
68
67
67
67
68
67
67
69
72
75
81
78
75
80
83
81
84
84
85
83
82
84
85
83
83
87
87
87
85
84
86
88
85
85
87
89
90
88
89
89
90
86
88
93
96
93
91
91
93
96
96
96
97
98
99
101
102
102
99
101
103
101
98
103
104
102
100
100
101
102
101
101
101
99
101
93
91
85
87
89
87
87
86
84
83
83
81
83
82
82
82
78
77
80
81
81
81
83
83
77
76
74
76
78
78
78
76
75
75
75
75
77
77
74
78
75
74
75
75
73
74
71
76
76
75
73
73
75
74
76
73
73
73
71
74
72
73
74
76
76
74
73
73
71
72
73
74
73
72
73
75
76
74
74
72
72
72
76
74
71
75
74
72
73
72
69
71
71
73
73
75
72
73
74
73
72
70
72
73
73
75
76
76
75
75
78
78
83
78
75
76
74
76
75
77
76
75
69
68
70
71
70
69
68
69
69
69
67
65
70
69
62
60
64
64
64
65
66
67
65
66
67
66
65
66
63
64
66
64
64
64
69
72
82
97
104
108
110
101
85
70
53
40
25
11
10
11
16
18
26
31
35
40
42
48
53
53
53
52
54
55
54
54
52
52
54
54
55
57
61
66
68
64
65
68
68
67
67
67
69
68
72
69
70
70
68
69
71
70
70
73
73
73
75
73
73
71
72
73
75
77
77
80
80
76
78
77
78
83
85
84
86
87
85
88
89
89
89
91
89
91
93
92
92
93
92
91
88
87
91
94
88
84
83
85
84
81
80
78
77
78
76
73
71
70
72
73
70
69
74
72
68
67
68
70
71
69
72
71
69
70
71
71
71
70
68
71
70
69
69
72
70
69
70
70
71
70
71
70
68
67
68
71
70
67
69
69
69
70
67
70
68
70
72
71
70
70
69
70
69
69
69
69
68
68
69
68
69
70
69
68
68
70
70
72
74
72
75
76
76
74
76
80
78
78
78
75
74
75
74
75
74
75
74
71
70
68
65
66
64
66
68
67
69
69
70
69
68
67
66
65
62
62
64
66
68
69
67
68
68
69
68
67
69
69
67
65
67
67
72
78
93
110
121
121
121
106
86
66
52
33
13
-1
0
3
8
16
26
30
32
36
42
46
48
50
51
53
54
54
53
56
56
56
57
61
64
67
65
66
71
73
74
73
76
72
73
75
73
72
74
76
76
77
77
75
74
75
75
82
81
76
80
83
82
83
83
84
83
83
84
86
89
87
89
90
89
89
88
91
91
88
91
94
98
98
97
98
98
99
98
98
100
102
100
98
96
99
99
96
94
91
90
87
84
83
88
86
85
82
80
78
77
74
74
78
80
76
78
80
73
71
75
76
76
76
74
76
77
76
74
74
75
75
70
63
66
76
80
77
75
76
74
73
72
68
70
71
71
77
77
77
75
73
71
72
74
74
73
72
72
71
71
73
74
73
73
75
74
74
74
73
72
77
76
75
81
82
77
78
85
82
77
78
82
81
78
78
78
76
73
72
72
71
70
68
69
71
72
72
69
67
66
67
68
67
69
67
65
61
59
67
74
72
70
72
71
69
65
68
70
70
69
69
68
69
74
83
96
105
113
118
116
106
89
69
53
37
16
0
-3
1
9
17
26
31
33
37
41
47
50
52
52
54
52
55
51
55
56
57
57
57
62
65
70
70
73
74
74
76
74
73
71
74
76
76
76
75
75
77
77
76
76
80
78
78
81
78
78
78
78
80
80
81
84
85
84
86
86
88
85
87
89
89
90
93
90
91
93
94
94
93
96
95
95
94
95
97
99
99
97
101
93
90
92
91
91
90
88
87
85
83
85
82
78
75
76
76
77
77
77
73
74
73
73
74
73
72
71
74
73
70
72
75
75
73
72
72
72
72
77
72
73
71
72
71
71
68
71
73
73
70
68
71
71
73
71
70
71
67
67
68
73
75
71
73
71
68
68
68
69
71
71
72
70
71
72
69
66
67
70
71
69
68
70
67
67
69
71
72
75
75
75
76
75
74
78
81
76
74
74
76
75
74
76
74
73
72
70
68
67
68
66
66
64
64
66
65
64
67
68
67
64
62
59
61
63
63
63
63
65
65
63
64
64
63
64
63
62
64
66
64
63
68
71
78
88
101
110
109
100
86
68
49
36
24
5
0
3
7
11
18
30
34
34
35
41
47
49
48
48
48
49
49
49
49
46
46
50
53
57
61
60
59
60
64
64
64
63
64
64
65
65
62
62
64
67
67
66
67
67
69
68
62
62
68
70
71
70
69
69
66
69
73
72
74
75
76
73
74
77
76
77
76
75
78
81
81
83
83
82
82
83
86
81
81
84
85
84
85
83
83
81
78
77
77
73
72
68
73
70
67
64
60
63
66
66
64
64
64
64
65
63
62
60
61
61
60
60
59
59
59
61
60
58
61
61
56
58
57
61
61
58
57
59
58
57
57
60
55
54
55
55
58
59
55
56
56
56
55
55
56
57
57
55
60
59
58
56
54
56
56
54
56
53
53
55
57
55
56
53
52
54
52
54
57
54
53
54
56
56
56
56
54
55
54
54
53
52
53
55
57
55
55
55
53
53
54
57
59
61
60
59
61
61
61
61
60
60
61
56
57
58
57
59
57
53
53
51
49
49
48
51
50
55
54
51
47
50
49
47
49
47
47
49
49
47
47
49
52
48
50
51
47
48
49
45
47
50
50
53
60
70
81
88
94
94
84
65
47
30
21
7
-5
-7
-5
-3
2
10
17
20
22
25
35
36
37
37
40
37
41
42
35
34
35
35
38
41
47
48
53
51
47
51
55
55
53
52
54
56
56
56
58
56
56
58
56
57
54
55
57
56
56
59
62
62
60
58
60
62
61
65
68
65
67
67
67
67
65
68
69
71
72
73
73
72
74
75
75
75
78
76
76
77
81
82
80
77
78
75
76
73
70
72
69
66
67
66
58
58
61
64
63
59
58
59
57
57
60
58
59
60
61
61
58
57
57
56
57
58
57
56
54
56
57
56
56
56
55
58
58
57
57
57
58
58
58
57
55
57
59
55
53
54
55
59
56
57
58
59
57
56
57
58
56
59
59
57
55
58
58
56
58
60
59
62
60
61
59
59
62
64
65
68
67
66
64
64
67
67
62
61
61
61
59
60
58
58
56
56
52
52
59
58
58
57
57
54
51
49
49
52
54
56
55
56
56
57
57
56
59
54
55
56
56
56
55
55
52
55
60
65
75
88
98
104
107
99
85
66
50
31
11
-6
-9
-9
-10
-6
6
15
21
24
27
31
36
42
43
40
41
43
41
45
45
44
44
48
50
54
57
60
61
58
59
61
62
61
62
63
65
65
64
64
64
65
65
64
67
67
66
67
65
66
68
66
66
69
69
71
73
72
72
74
73
71
72
72
80
80
80
82
81
81
83
82
81
82
84
85
85
87
87
84
83
85
88
87
87
86
85
83
82
77
77
76
77
73
71
70
66
68
67
70
61
61
64
64
65
63
62
62
62
62
62
61
65
64
65
62
61
62
64
61
59
59
60
62
62
60
60
61
61
60
62
61
60
60
62
60
58
58
59
61
61
59
59
61
61
59
61
60
57
61
59
59
60
59
58
57
58
61
58
60
60
61
62
64
65
65
67
65
66
66
66
63
65
67
63
65
65
65
62
62
61
60
58
56
55
56
56
56
56
57
56
58
57
55
54
55
54
53
52
54
54
53
55
55
52
54
56
55
55
57
56
57
56
57
56
56
59
69
84
93
104
107
104
91
71
52
34
19
-3
-14
-14
-8
-6
3
11
18
21
22
25
34
37
40
41
41
38
37
37
41
43
41
44
45
50
56
60
56
57
60
59
59
61
54
54
61
64
62
61
62
60
62
63
64
61
63
61
61
60
62
63
64
66
65
67
68
67
66
67
71
69
70
70
73
74
72
75
77
78
77
77
78
80
78
76
81
83
83
85
83
83
80
81
83
82
82
76
73
76
76
71
68
69
68
65
63
63
66
62
62
60
59
59
58
58
58
56
58
59
56
56
57
58
57
58
59
57
57
55
55
53
53
56
54
55
56
56
56
57
55
56
57
56
54
54
56
56
56
55
54
52
53
53
53
54
54
52
53
57
55
55
50
52
52
53
56
55
52
53
54
52
52
54
53
49
51
54
52
54
54
53
56
55
54
55
51
55
57
58
57
60
59
60
60
58
53
55
58
55
57
58
57
55
54
54
54
54
51
48
49
48
48
49
51
50
48
47
48
48
49
49
48
45
47
48
47
48
50
50
49
47
50
52
50
52
50
51
50
47
55
65
76
82
88
92
85
68
51
40
28
14
1
-3
-1
0
2
11
18
25
24
23
29
31
37
36
38
35
36
37
38
40
38
34
38
42
43
46
49
51
49
49
52
51
49
51
51
52
52
53
55
51
55
55
52
53
51
54
57
58
56
57
59
56
54
55
55
55
56
58
62
60
62
61
60
58
58
61
66
67
70
70
71
69
70
67
64
67
70
74
76
73
76
74
73
71
72
67
65
64
66
65
67
65
63
60
56
54
56
57
58
55
52
53
54
52
52
49
48
49
52
51
53
52
50
50
49
48
49
51
52
48
48
49
48
47
48
48
49
50
49
48
49
46
45
44
48
48
49
49
46
46
45
45
47
45
47
48
48
48
47
44
46
45
45
46
47
45
44
45
44
45
45
48
48
44
44
50
50
47
48
47
49
50
51
52
51
53
52
52
51
52
51
50
50
51
48
48
47
50
51
46
45
44
42
42
41
47
46
46
46
41
38
41
42
37
36
38
40
44
38
40
42
41
42
42
42
41
40
42
43
41
42
45
46
44
49
62
75
85
89
89
82
65
44
31
15
-5
-17
-21
-15
-13
-7
3
10
12
16
19
25
28
29
25
26
28
30
30
30
30
29
28
31
37
40
41
43
43
45
48
47
45
42
46
49
50
50
50
51
53
49
48
48
49
52
52
52
52
52
53
54
53
52
54
54
57
60
58
60
60
56
56
58
63
66
64
66
67
66
67
67
66
67
67
69
74
74
71
70
72
72
70
70
72
69
68
67
64
64
61
61
57
55
57
58
58
56
54
50
49
48
48
47
52
52
51
50
50
51
53
48
44
44
45
49
49
49
51
51
49
50
46
46
44
47
49
49
46
48
48
46
46
48
48
48
47
45
47
49
48
46
48
51
45
46
45
46
48
51
49
49
51
50
48
52
55
54
54
55
57
54
54
50
53
50
48
51
51
51
49
47
48
47
43
41
44
46
45
46
45
46
46
44
40
38
40
41
41
42
40
41
42
38
34
38
48
45
44
45
48
42
41
43
43
42
42
49
58
73
86
91
101
96
80
58
37
18
-1
-16
-25
-25
-24
-19
-10
1
7
8
6
13
24
27
28
27
26
27
27
28
29
29
30
30
34
37
43
45
46
44
43
45
49
48
50
49
52
51
45
43
48
51
54
52
52
52
53
52
54
53
53
54
53
55
57
57
56
56
56
54
57
57
58
60
62
66
64
62
63
65
67
68
69
68
68
70
69
67
70
70
70
69
68
68
69
69
69
69
62
61
58
59
58
57
55
54
54
55
54
54
52
50
50
50
49
49
50
48
48
45
47
45
46
45
44
45
45
46
50
50
48
48
46
46
48
45
43
45
48
47
47
47
45
49
50
47
46
47
48
49
45
44
46
44
46
45
42
43
42
42
44
46
48
48
46
44
44
45
45
46
47
47
48
44
47
45
46
45
48
51
48
41
51
53
56
55
54
52
52
50
49
50
49
49
49
48
45
48
47
44
44
42
43
43
42
41
42
42
42
37
37
38
42
41
38
38
37
41
40
41
42
41
41
42
43
42
45
47
45
42
42
43
46
51
65
77
87
93
94
84
64
44
23
3
-13
-24
-29
-28
-21
-12
-1
3
7
9
12
19
25
23
23
22
24
25
24
24
29
35
32
34
37
43
43
44
42
42
45
47
46
48
49
45
45
48
51
49
48
48
49
47
47
50
50
49
48
49
54
56
53
52
52
52
53
53
56
56
55
58
58
58
60
63
62
61
61
62
63
66
66
67
67
67
66
65
65
67
71
72
70
71
70
68
65
64
63
64
59
58
59
56
53
52
49
46
44
48
47
49
48
47
47
46
44
44
50
47
44
47
45
43
47
47
47
46
45
44
43
42
47
43
43
44
45
43
43
44
40
42
45
46
44
42
44
44
45
43
44
44
46
49
40
36
40
36
40
43
46
47
48
43
40
38
40
42
41
38
43
44
42
43
42
40
42
42
43
44
45
43
44
46
45
45
47
47
47
51
50
47
48
46
46
46
47
45
43
44
41
40
42
41
38
40
41
38
35
35
38
36
35
34
35
34
33
34
33
33
32
32
35
35
37
37
37
35
35
35
34
36
36
36
34
38
41
47
55
65
74
80
76
63
47
31
19
4
-12
-21
-21
-16
-13
-10
-5
0
6
12
17
18
21
23
23
21
21
22
19
17
22
26
25
24
26
30
34
34
34
32
31
35
40
40
44
41
37
35
37
38
38
40
40
36
38
37
34
40
43
40
38
44
42
41
46
46
44
45
42
41
41
47
48
45
47
52
53
52
51
50
51
53
54
56
53
52
51
53
56
57
58
57
55
54
54
52
51
50
50
49
48
47
45
44
41
42
36
34
35
38
41
36
30
29
31
32
33
33
34
31
30
33
32
28
28
32
33
31
31
32
28
27
29
30
29
27
28
29
30
30
28
28
32
30
27
26
26
26
25
24
25
28
27
27
26
27
27
29
29
26
27
25
26
26
25
25
28
27
24
24
27
25
23
26
25
27
27
27
28
26
26
25
25
23
26
27
27
26
26
26
28
31
31
31
30
33
31
35
34
32
30
31
32
32
33
33
31
30
28
29
29
24
26
25
25
25
26
24
24
23
23
22
22
25
22
22
23
22
20
18
22
22
22
27
26
27
27
21
22
25
25
25
26
27
31
37
49
61
69
73
71
64
44
25
10
-5
-22
-33
-32
-29
-27
-22
-15
-9
-3
2
6
8
10
10
13
14
11
13
16
17
17
16
17
18
22
23
26
28
30
32
32
30
32
31
30
30
32
33
36
32
32
34
36
36
38
37
40
37
36
37
36
35
36
41
44
45
44
43
41
41
46
47
48
48
48
49
52
53
53
53
52
53
52
55
56
59
61
60
58
60
59
57
56
56
56
56
56
56
55
52
52
51
49
48
46
45
45
44
45
41
37
36
34
36
37
37
37
41
40
38
37
36
37
38
37
38
37
38
38
38
36
34
32
33
40
42
38
38
36
37
38
38
37
36
36
37
41
38
33
34
37
37
37
36
35
36
36
36
37
37
36
41
41
41
43
44
46
46
47
45
46
47
43
46
47
44
43
41
43
41
38
35
35
34
35
38
35
36
35
34
33
33
37
36
34
31
33
34
33
31
31
31
34
35
34
34
34
33
35
37
35
34
31
32
35
38
41
40
44
56
71
81
89
91
83
64
42
22
4
-17
-33
-35
-32
-28
-21
-11
-4
-1
2
7
10
15
17
19
23
19
18
23
26
23
24
24
23
29
35
38
40
42
42
42
40
40
38
41
43
43
42
42
42
44
46
44
42
45
47
47
44
46
48
47
47
46
52
51
49
47
53
53
53
52
54
56
55
55
57
59
59
60
61
62
61
59
58
61
63
64
65
65
66
65
63
63
64
65
60
58
62
61
57
55
54
54
51
50
50
50
53
48
46
45
44
43
42
43
45
45
46
47
46
45
44
43
43
44
44
44
41
42
44
44
42
38
41
41
41
44
46
41
43
44
45
43
40
40
44
46
41
37
44
44
41
41
42
42
37
37
36
38
42
45
41
43
43
40
38
41
40
42
41
41
42
41
43
43
43
44
42
43
43
45
47
46
45
49
50
47
46
46
53
51
45
47
49
45
47
51
49
40
37
34
36
41
42
38
36
34
38
38
42
45
32
23
30
37
35
35
33
34
33
34
38
34
34
37
37
37
37
41
43
31
30
36
41
43
54
66
78
84
87
81
65
47
23
4
-19
-34
-33
-30
-27
-21
-14
-6
-4
0
4
7
13
16
16
17
17
18
16
18
20
22
22
23
32
37
31
30
32
32
36
35
37
38
40
40
37
35
36
38
40
41
36
41
38
38
38
38
38
40
42
42
44
42
41
51
45
42
47
48
47
50
51
48
47
50
55
55
49
53
55
53
57
58
54
55
56
58
61
60
58
57
57
55
58
59
57
57
56
54
51
47
45
45
45
43
42
43
43
41
41
38
35
32
31
33
36
42
35
37
36
36
31
34
35
33
29
29
34
36
38
40
38
34
35
36
35
33
31
32
33
35
37
32
33
33
33
33
34
32
29
29
33
35
38
35
33
35
27
32
34
33
33
32
32
30
30
29
33
33
32
30
29
31
32
32
30
32
32
30
32
32
32
32
33
34
35
34
33
35
40
36
35
38
41
41
38
35
35
33
31
37
40
38
33
32
31
30
29
26
28
30
31
26
26
27
30
30
32
25
24
21
26
27
26
27
28
25
26
26
23
22
29
33
30
29
27
25
26
30
34
36
47
57
65
69
69
65
50
28
11
0
-20
-36
-34
-30
-26
-23
-11
-3
-5
-1
3
7
8
9
16
17
14
11
9
12
15
16
17
17
19
22
24
22
22
27
26
28
27
29
32
29
26
24
27
29
30
30
30
30
31
31
29
31
29
30
32
30
28
28
30
36
35
36
36
40
40
35
34
38
37
36
35
37
40
41
43
45
44
42
42
42
45
41
45
45
43
45
46
43
45
44
43
40
40
35
34
34
31
32
29
25
24
25
27
25
26
23
22
20
19
23
25
21
21
21
22
24
20
20
18
21
22
23
21
19
19
19
17
19
19
26
23
16
16
18
19
18
17
18
18
17
18
20
20
18
17
18
16
17
21
17
15
19
22
20
16
19
17
18
17
18
17
13
13
15
17
19
16
14
13
15
11
15
16
17
17
19
16
17
19
17
14
13
12
14
18
19
17
16
13
12
16
16
15
14
19
20
20
20
20
21
23
21
23
24
21
21
24
22
21
21
20
18
20
22
23
20
16
15
15
15
13
12
10
11
14
14
13
12
9
8
12
4
5
10
15
15
12
11
11
10
10
9
9
11
13
12
14
12
11
10
15
26
41
48
54
58
52
35
19
3
-9
-24
-43
-49
-44
-38
-36
-26
-22
-20
-15
-6
-3
3
3
3
1
-4
0
4
3
4
6
3
0
5
8
8
11
12
14
14
15
16
18
20
21
21
21
17
17
18
21
22
22
23
24
22
19
21
26
24
23
24
26
27
23
25
30
30
26
27
30
31
30
33
35
34
35
35
37
35
35
40
40
42
42
45
49
47
46
43
44
44
45
45
44
42
44
44
41
36
36
36
31
27
28
29
31
28
26
26
29
28
29
27
27
27
27
26
26
22
26
28
25
23
24
26
25
24
25
25
24
21
26
29
26
26
26
27
25
26
27
25
22
23
25
29
29
22
23
26
23
25
25
25
25
28
28
27
27
27
26
25
24
25
27
26
25
27
26
23
26
30
29
26
27
27
29
29
30
30
32
32
35
33
33
33
31
35
36
34
38
36
38
37
36
35
34
32
30
29
30
29
27
29
29
27
29
29
30
28
30
31
28
28
26
26
27
28
23
24
28
28
30
31
26
28
31
29
26
29
28
29
29
28
31
40
49
62
70
78
88
84
63
44
25
9
-14
-33
-39
-38
-32
-26
-18
-8
-7
-4
3
9
15
13
13
14
12
13
16
19
20
20
20
23
27
27
29
32
36
34
34
36
35
38
37
37
38
40
41
40
40
40
41
38
43
41
41
47
47
45
44
42
43
45
44
46
47
51
49
49
51
52
52
50
52
56
56
56
53
58
59
59
60
58
57
59
60
62
63
61
65
65
65
64
62
59
60
59
62
56
54
54
51
49
48
50
48
49
48
44
45
44
40
42
42
42
45
44
40
41
43
43
41
42
42
40
41
43
44
41
40
40
41
41
41
41
44
44
40
38
35
37
41
45
44
41
40
40
40
43
40
37
43
42
41
40
38
42
45
40
40
41
40
35
36
41
44
43
44
49
47
46
50
51
49
48
49
49
50
51
47
40
43
47
47
46
43
42
41
41
40
36
36
37
37
40
41
38
37
37
36
35
35
38
36
34
34
37
36
34
37
38
37
37
38
38
38
34
34
36
38
41
41
38
44
55
71
81
87
94
90
68
47
26
11
-8
-24
-28
-27
-23
-20
-13
-8
-4
3
8
17
23
23
24
25
24
19
23
21
21
22
24
31
36
40
43
44
45
44
43
40
35
41
46
49
52
52
53
47
49
48
48
46
44
46
49
52
52
50
50
50
53
53
51
51
52
54
57
57
55
57
59
56
57
59
61
64
70
68
65
63
62
63
67
69
72
72
67
67
71
69
68
68
67
67
67
67
62
61
61
62
60
54
50
52
50
48
52
49
51
50
50
46
45
46
50
51
49
46
47
47
47
49
47
46
44
42
46
48
44
44
46
47
45
44
46
46
47
46
42
45
46
44
43
43
43
44
44
44
43
43
45
44
44
43
44
42
44
45
42
42
45
44
41
42
46
47
45
43
45
44
42
43
45
47
45
41
41
43
42
45
44
42
43
45
45
45
44
42
44
48
54
52
51
53
52
50
47
47
47
47
47
47
49
45
43
46
43
36
37
41
42
41
36
36
41
41
38
37
36
36
37
36
36
35
38
36
35
36
36
38
38
41
40
38
41
41
42
43
43
41
43
55
68
78
83
85
71
54
37
21
10
-3
-17
-22
-18
-14
-12
1
10
10
14
15
21
24
26
25
27
26
25
27
29
25
22
27
32
31
31
32
34
35
36
41
41
41
43
44
44
42
41
38
43
43
42
43
43
46
46
43
44
46
47
47
46
49
54
53
47
45
48
49
50
50
51
54
53
51
50
54
59
59
57
58
60
62
60
59
61
62
63
62
62
63
61
64
61
60
60
56
54
52
51
52
52
52
51
49
50
46
44
44
43
46
46
43
38
38
43
46
43
37
37
40
40
42
43
46
42
38
41
42
41
40
41
33
36
40
43
44
41
41
45
43
38
37
35
36
40
42
41
40
37
38
38
38
37
37
36
38
46
42
40
37
40
41
40
40
45
43
37
38
38
38
37
40
41
42
41
38
37
42
40
41
41
41
42
43
40
42
43
46
44
47
46
48
50
50
49
49
50
49
50
49
49
46
42
44
45
42
43
44
42
43
41
35
38
42
41
42
38
37
41
38
40
37
37
40
36
36
40
41
40
44
43
40
38
41
42
40
41
41
41
43
44
50
59
73
82
89
91
85
65
48
31
18
2
-17
-23
-18
-11
-4
3
9
12
15
16
22
28
32
28
26
27
30
29
28
29
32
30
34
41
42
40
42
49
49
47
48
49
50
49
48
48
49
51
51
49
53
53
45
50
53
53
53
54
57
55
54
55
59
58
56
59
58
57
60
65
62
61
60
58
61
66
68
69
72
72
69
67
69
71
71
72
70
73
76
80
76
76
81
77
73
70
72
69
69
69
63
64
64
62
61
61
60
57
55
54
55
57
59
57
57
59
55
54
52
52
55
56
56
56
57
55
54
53
52
53
55
53
53
57
59
56
54
54
55
56
55
49
48
51
59
61
57
57
60
55
50
52
52
53
52
55
57
59
58
56
55
59
56
53
55
59
60
56
61
61
64
63
62
64
63
61
60
59
62
66
64
61
65
64
61
58
59
57
56
55
53
51
56
56
61
56
54
56
55
55
54
53
53
52
52
55
57
56
56
56
54
55
57
57
58
57
54
52
53
54
57
62
69
82
94
104
115
115
102
82
63
43
24
4
-10
-14
-10
-6
0
9
16
19
21
25
32
36
41
41
42
38
41
43
43
46
47
48
52
58
59
59
61
54
59
62
62
65
64
63
65
67
65
65
68
68
64
65
66
66
68
67
70
68
69
71
69
68
69
70
68
72
76
74
74
73
80
78
76
78
81
82
83
84
83
84
82
83
87
87
90
89
87
87
87
90
88
89
88
88
88
85
85
82
81
83
77
74
75
75
76
74
68
69
68
